[gd_scene load_steps=49 format=2]

[ext_resource path="res://Player.cs" type="Script" id=1]
[ext_resource path="res://CamRoot.cs" type="Script" id=2]
[ext_resource path="res://img/glasstexture.jpg" type="Texture" id=3]
[ext_resource path="res://models/textures/Noob1Tex.png" type="Texture" id=4]
[ext_resource path="res://models/source/Character Roblox.obj" type="ArrayMesh" id=5]
[ext_resource path="res://Pit.cs" type="Script" id=6]
[ext_resource path="res://Spawn.cs" type="Script" id=7]
[ext_resource path="res://MovingPlatform.cs" type="Script" id=8]
[ext_resource path="res://lblLevel.cs" type="Script" id=9]
[ext_resource path="res://img/wasd.png" type="Texture" id=10]
[ext_resource path="res://img/movement.png" type="Texture" id=11]
[ext_resource path="res://img/movement2.png" type="Texture" id=12]
[ext_resource path="res://materials/grass1.tres" type="Material" id=13]
[ext_resource path="res://materials/palmtree1.tres" type="Material" id=14]
[ext_resource path="res://materials/palmtree2.tres" type="Material" id=15]
[ext_resource path="res://PalmTree.cs" type="Script" id=16]
[ext_resource path="res://materials/palmtree5.tres" type="Material" id=17]
[ext_resource path="res://materials/palmtree4.tres" type="Material" id=18]
[ext_resource path="res://materials/palmtree3.tres" type="Material" id=19]
[ext_resource path="res://animations/moveRL.tres" type="Animation" id=20]
[ext_resource path="res://img/woodtexture.jpg" type="Texture" id=21]
[ext_resource path="res://materials/wood.tres" type="Material" id=22]

[sub_resource type="SphereShape" id=1]
radius = 1.5

[sub_resource type="SphereMesh" id=2]
radius = 1.5
height = 3.0

[sub_resource type="SpatialMaterial" id=3]
flags_transparent = true
albedo_color = Color( 1, 1, 1, 0.552941 )
albedo_texture = ExtResource( 3 )
metallic = 1.0
metallic_specular = 0.0
metallic_texture = ExtResource( 3 )
roughness = 0.0
uv1_triplanar_sharpness = 0.999999

[sub_resource type="SpatialMaterial" id=4]
albedo_texture = ExtResource( 4 )

[sub_resource type="SpatialMaterial" id=5]
albedo_texture = ExtResource( 4 )

[sub_resource type="SpatialMaterial" id=6]
albedo_texture = ExtResource( 4 )

[sub_resource type="SpatialMaterial" id=7]
albedo_texture = ExtResource( 4 )

[sub_resource type="SpatialMaterial" id=8]
albedo_texture = ExtResource( 4 )

[sub_resource type="SpatialMaterial" id=9]
albedo_texture = ExtResource( 4 )

[sub_resource type="SpatialMaterial" id=27]
albedo_color = Color( 0, 0.552941, 1, 1 )
metallic = 0.6

[sub_resource type="SpatialMaterial" id=11]
albedo_color = Color( 0, 0.647059, 1, 1 )
proximity_fade_enable = true
proximity_fade_distance = 1.0

[sub_resource type="SpatialMaterial" id=26]
albedo_texture = ExtResource( 21 )
emission_enabled = true
emission = Color( 0, 0, 0, 1 )
emission_energy = 1.0
emission_operator = 0
emission_on_uv2 = false
uv1_scale = Vector3( 0.414, 4.093, 1 )

[sub_resource type="SpatialMaterial" id=28]
albedo_color = Color( 0.768627, 0.768627, 0.768627, 1 )

[sub_resource type="SpatialMaterial" id=13]
albedo_color = Color( 0.992157, 1, 0, 1 )

[sub_resource type="BoxShape" id=14]

[sub_resource type="SpatialMaterial" id=15]
flags_transparent = true
vertex_color_use_as_albedo = true
albedo_texture = ExtResource( 10 )

[sub_resource type="Animation" id=16]
resource_name = "MoveRL"
length = 5.0
loop = true
tracks/0/type = "value"
tracks/0/path = NodePath("Top:rotation_degrees")
tracks/0/interp = 1
tracks/0/loop_wrap = true
tracks/0/imported = false
tracks/0/enabled = true
tracks/0/keys = {
"times": PoolRealArray( 0, 0.5, 2, 2.5, 3, 4.5, 5 ),
"transitions": PoolRealArray( 1, 1, 1, 1, 1, 1, 1 ),
"update": 0,
"values": [ Vector3( 0, 0, -60 ), Vector3( 0, 0, -50 ), Vector3( 0, 0, -10 ), Vector3( 0, 0, 0 ), Vector3( 0, 0, -10 ), Vector3( 0, 0, -50 ), Vector3( 0, 0, -60 ) ]
}
tracks/1/type = "value"
tracks/1/path = NodePath("Base/Bcyl2:rotation_degrees")
tracks/1/interp = 1
tracks/1/loop_wrap = true
tracks/1/imported = false
tracks/1/enabled = true
tracks/1/keys = {
"times": PoolRealArray( 0, 2.5, 5 ),
"transitions": PoolRealArray( 1, 1, 1 ),
"update": 0,
"values": [ Vector3( 0, 0, -10 ), Vector3( 0, 0, 10 ), Vector3( 0, 0, -10 ) ]
}
tracks/2/type = "value"
tracks/2/path = NodePath("Base/Bcyl2:translation")
tracks/2/interp = 1
tracks/2/loop_wrap = true
tracks/2/imported = false
tracks/2/enabled = true
tracks/2/keys = {
"times": PoolRealArray( 0, 2.5, 5 ),
"transitions": PoolRealArray( 1, 1, 1 ),
"update": 0,
"values": [ Vector3( 0.456768, -1.22784, 0.0168724 ), Vector3( 0.220259, -1.22784, 0.0168724 ), Vector3( 0.456768, -1.22784, 0.0168724 ) ]
}
tracks/3/type = "value"
tracks/3/path = NodePath("Base/Bcyl3:rotation_degrees")
tracks/3/interp = 1
tracks/3/loop_wrap = true
tracks/3/imported = false
tracks/3/enabled = true
tracks/3/keys = {
"times": PoolRealArray( 0, 2.5, 5 ),
"transitions": PoolRealArray( 1, 1, 1 ),
"update": 0,
"values": [ Vector3( 0, 0, -20 ), Vector3( 0, 0, 20 ), Vector3( 0, 0, -20 ) ]
}
tracks/4/type = "value"
tracks/4/path = NodePath("Base/Bcyl3:translation")
tracks/4/interp = 1
tracks/4/loop_wrap = true
tracks/4/imported = false
tracks/4/enabled = true
tracks/4/keys = {
"times": PoolRealArray( 0, 2.5, 5 ),
"transitions": PoolRealArray( 1, 1, 1 ),
"update": 0,
"values": [ Vector3( 0.875329, 0.319038, 0.0168724 ), Vector3( -0.206241, 0.319038, 0.0168724 ), Vector3( 0.875329, 0.319038, 0.0168724 ) ]
}
tracks/5/type = "value"
tracks/5/path = NodePath("Base/Bcyl4:rotation_degrees")
tracks/5/interp = 1
tracks/5/loop_wrap = true
tracks/5/imported = false
tracks/5/enabled = true
tracks/5/keys = {
"times": PoolRealArray( 0, 2.5, 5 ),
"transitions": PoolRealArray( 1, 1, 1 ),
"update": 0,
"values": [ Vector3( 0, 0, -30 ), Vector3( 0, 0, 30 ), Vector3( 0, 0, -30 ) ]
}
tracks/6/type = "value"
tracks/6/path = NodePath("Base/Bcyl4:translation")
tracks/6/interp = 1
tracks/6/loop_wrap = true
tracks/6/imported = false
tracks/6/enabled = true
tracks/6/keys = {
"times": PoolRealArray( 0, 2.5, 5 ),
"transitions": PoolRealArray( 1, 1, 1 ),
"update": 0,
"values": [ Vector3( 1.67543, 1.98299, 0.0168724 ), Vector3( -0.953779, 1.98299, 0.0168724 ), Vector3( 1.67543, 1.98299, 0.0168724 ) ]
}
tracks/7/type = "value"
tracks/7/path = NodePath("Base/Bcyl5:translation")
tracks/7/interp = 1
tracks/7/loop_wrap = true
tracks/7/imported = false
tracks/7/enabled = true
tracks/7/keys = {
"times": PoolRealArray( 0, 2.5, 5 ),
"transitions": PoolRealArray( 1, 1, 1 ),
"update": 0,
"values": [ Vector3( 2.74647, 3.39209, 0.0168724 ), Vector3( -1.92338, 3.39209, 0.0168724 ), Vector3( 2.74647, 3.39209, 0.0168724 ) ]
}
tracks/8/type = "value"
tracks/8/path = NodePath("Base/Bcyl5:rotation_degrees")
tracks/8/interp = 1
tracks/8/loop_wrap = true
tracks/8/imported = false
tracks/8/enabled = true
tracks/8/keys = {
"times": PoolRealArray( 0, 2.5, 5 ),
"transitions": PoolRealArray( 1, 1, 1 ),
"update": 0,
"values": [ Vector3( 0, 0, -40 ), Vector3( 0, 0, 40 ), Vector3( 0, 0, -40 ) ]
}
tracks/9/type = "value"
tracks/9/path = NodePath("Top:translation")
tracks/9/interp = 1
tracks/9/loop_wrap = true
tracks/9/imported = false
tracks/9/enabled = true
tracks/9/keys = {
"times": PoolRealArray( 0, 0.1, 0.5, 0.6, 1, 1.3, 2.4, 2.5, 2.6, 3.7, 4, 4.4, 4.5, 4.9, 5 ),
"transitions": PoolRealArray( 1, 1, 1, 1, 1, 1, 1, 1, 1, 1, 1, 1, 1, 1, 1 ),
"update": 0,
"values": [ Vector3( 1.07408, -0.138703, 0 ), Vector3( 0.989587, -0.115837, 0 ), Vector3( 0.847905, -0.0899892, 0 ), Vector3( 0.84444, -0.221053, 0 ), Vector3( 0.687029, -0.346333, 0 ), Vector3( 0.410034, -0.393135, 0 ), Vector3( 0.369729, -0.152792, 0 ), Vector3( 0.28888, -0.0459967, 0 ), Vector3( 0.369729, -0.152792, 0 ), Vector3( 0.410034, -0.393135, 0 ), Vector3( 0.687029, -0.346333, 0 ), Vector3( 0.84444, -0.221053, 0 ), Vector3( 0.847905, -0.0899892, 0 ), Vector3( 0.989587, -0.115837, 0 ), Vector3( 1.07408, -0.138703, 0 ) ]
}
tracks/10/type = "value"
tracks/10/path = NodePath("Face:translation")
tracks/10/interp = 1
tracks/10/loop_wrap = true
tracks/10/imported = false
tracks/10/enabled = true
tracks/10/keys = {
"times": PoolRealArray( 0, 2.5, 5 ),
"transitions": PoolRealArray( 1, 1, 1 ),
"update": 0,
"values": [ Vector3( 1.34635, 3.19955, 0 ), Vector3( -2.15396, 3.19955, 0 ), Vector3( 1.34635, 3.19955, 0 ) ]
}
tracks/11/type = "value"
tracks/11/path = NodePath("Face/CSGCylinder3:translation")
tracks/11/interp = 1
tracks/11/loop_wrap = true
tracks/11/imported = false
tracks/11/enabled = true
tracks/11/keys = {
"times": PoolRealArray( 0, 2.5, 5 ),
"transitions": PoolRealArray( 0.25, 1, 0.25 ),
"update": 0,
"values": [ Vector3( 0, -1.44, 0.69 ), Vector3( 1, -1.44, 0.69 ), Vector3( 0, -1.44, 0.69 ) ]
}

[sub_resource type="SpatialMaterial" id=17]
albedo_color = Color( 1, 0, 0, 1 )

[sub_resource type="SpatialMaterial" id=18]
albedo_color = Color( 1, 0, 0, 1 )

[sub_resource type="SpatialMaterial" id=19]
albedo_color = Color( 1, 0, 0, 1 )

[sub_resource type="SpatialMaterial" id=20]
albedo_color = Color( 0, 0, 0, 1 )

[sub_resource type="SpatialMaterial" id=21]
albedo_color = Color( 0, 0, 0, 1 )

[sub_resource type="SpatialMaterial" id=22]
albedo_color = Color( 0, 0, 0, 1 )

[sub_resource type="BoxShape" id=23]

[sub_resource type="DynamicFontData" id=24]
font_path = "res://fonts/nunito/NunitoRegular-vmABZ.ttf"

[sub_resource type="DynamicFont" id=25]
size = 128
outline_color = Color( 0, 0, 0, 1 )
font_data = SubResource( 24 )

[node name="Spatial" type="Spatial"]

[node name="Player" type="Spatial" parent="."]
transform = Transform( 1, 0, 0, 0, 1, 0, 0, 0, 1, 0, 113, 0 )

[node name="PlayerRB" type="RigidBody" parent="Player"]
collision_layer = 2
gravity_scale = 9.8
script = ExtResource( 1 )

[node name="CollisionShape" type="CollisionShape" parent="Player/PlayerRB"]
shape = SubResource( 1 )

[node name="MeshInstance" type="MeshInstance" parent="Player/PlayerRB"]
transform = Transform( 1, 0, 0, 0, 1, 0, 0, 0, 1, 0.014329, 0.0116577, -0.00448608 )
mesh = SubResource( 2 )
material/0 = SubResource( 3 )

[node name="MeshInstance2" type="MeshInstance" parent="Player/PlayerRB"]
transform = Transform( 0.25, 0, 0, 0, 0.25, 0, 0, 0, 0.25, 1.70965, 0, -0.699354 )
mesh = ExtResource( 5 )
skeleton = NodePath("")
software_skinning_transform_normals = false
material/0 = SubResource( 4 )
material/1 = SubResource( 5 )
material/2 = SubResource( 6 )
material/3 = SubResource( 7 )
material/4 = SubResource( 8 )
material/5 = SubResource( 9 )

[node name="CamRoot" type="Spatial" parent="Player"]
script = ExtResource( 2 )

[node name="h" type="Spatial" parent="Player/CamRoot"]

[node name="v" type="Spatial" parent="Player/CamRoot/h"]

[node name="Camera" type="ClippedCamera" parent="Player/CamRoot/h/v"]
transform = Transform( -1, 0, -8.74228e-08, 0, 1, 0, 8.74228e-08, 0, -1, 0, 0, -13 )
far = 2000.0
process_mode = 1

[node name="Worlds" type="Spatial" parent="."]

[node name="World1" type="Spatial" parent="Worlds"]

[node name="CSGBox" type="CSGBox" parent="Worlds/World1"]
transform = Transform( 1, 0, 0, 0, 1, 0, 0, 0, 1.6, 0, 66.7549, 726.627 )
width = 1000.0
depth = 1000.0
material = SubResource( 27 )

[node name="CSGBox2" type="CSGBox" parent="Worlds/World1"]
transform = Transform( 1, 0, 0, 0, 1, 0, 0, 0, 1.6, -500, 266.755, 726.627 )
use_collision = true
height = 402.0
depth = 1000.0
material = SubResource( 11 )

[node name="CSGBox3" type="CSGBox" parent="Worlds/World1"]
transform = Transform( 1, 0, 0, 0, 1, 0, 0, 0, 1.6, 500, 266.755, 726.627 )
use_collision = true
height = 402.0
depth = 1000.0
material = SubResource( 11 )

[node name="CSGBox4" type="CSGBox" parent="Worlds/World1"]
transform = Transform( 1, 0, 0, 0, 1, 0, 0, 0, 1.6, 0, 466.755, 726.627 )
calculate_tangents = false
use_collision = true
width = 1000.0
depth = 1000.0
material = SubResource( 11 )

[node name="CSGBox5" type="CSGBox" parent="Worlds/World1"]
transform = Transform( -4.37114e-08, 0, 1, 0, 1, 0, -1, 0, -4.37114e-08, 0, 266.755, -70 )
use_collision = true
height = 402.0
depth = 1000.0
material = SubResource( 11 )

[node name="CSGBox6" type="CSGBox" parent="Worlds/World1"]
transform = Transform( -4.37114e-08, 0, 1, 0, 1, 0, -1, 0, -4.37114e-08, 0, 266.755, 1520 )
height = 402.0
depth = 1000.0
material = SubResource( 11 )

[node name="Levels" type="Spatial" parent="."]

[node name="1" type="Spatial" parent="Levels"]
transform = Transform( 1, 0, 0, 0, 1, 0, 0, 0, 1, 0, 108.507, 0 )

[node name="Fence" type="Spatial" parent="Levels/1"]

[node name="Fence1" type="Spatial" parent="Levels/1/Fence"]
transform = Transform( 0.925417, -0.163176, -0.34202, 0.173648, 0.984808, 0, 0.336824, -0.0593912, 0.939693, -22.8634, 2.41999, -7.36607 )

[node name="CSGCylinder2" type="CSGCylinder" parent="Levels/1/Fence/Fence1"]
transform = Transform( 1, 0, 0, 0, 4.35567, 0, 0, 0, 1, -0.00695038, -0.855301, 10.3354 )
use_collision = true
material = ExtResource( 22 )

[node name="CSGCylinder3" type="CSGCylinder" parent="Levels/1/Fence/Fence1"]
transform = Transform( 1, 0, 0, 0, 4.35567, 0, 0, 0, 1, 0.149118, -0.855301, -10.0921 )
use_collision = true
material = ExtResource( 22 )

[node name="CSGBox" type="CSGBox" parent="Levels/1/Fence/Fence1"]
transform = Transform( 0.376099, 0, 0, 0, 0.64669, 0, 0, 0, 1, 0.0946331, 0.153519, 0.118849 )
use_collision = true
depth = 21.7348
material = SubResource( 26 )

[node name="Fence2" type="Spatial" parent="Levels/1/Fence"]
transform = Transform( 0.925417, -0.163176, 0.34202, 0.173648, 0.984808, 0, -0.336824, 0.0593912, 0.939693, -23.4033, 2.41999, 11.028 )

[node name="CSGCylinder2" type="CSGCylinder" parent="Levels/1/Fence/Fence2"]
transform = Transform( 1, 0, 0, 0, 4.35567, 0, 0, 0, 1, -0.00695038, -0.855301, 10.3354 )
use_collision = true
material = ExtResource( 22 )

[node name="CSGBox" type="CSGBox" parent="Levels/1/Fence/Fence2"]
transform = Transform( 0.376099, 0, 0, 0, 0.64669, 0, 0, 0, 1, 0.0946331, 0.153519, 0.118849 )
use_collision = true
depth = 19.7285
material = SubResource( 26 )

[node name="Fence3" type="Spatial" parent="Levels/1/Fence"]
transform = Transform( 0.416198, -0.0733869, -0.906308, 0.173648, 0.984808, 0, 0.892539, -0.157379, 0.422618, -9.27617, 2.41999, -21.6962 )

[node name="CSGCylinder3" type="CSGCylinder" parent="Levels/1/Fence/Fence3"]
transform = Transform( 1, 0, 0, 0, 4.35567, 0, 0, 0, 1, 0.149118, -0.855301, -10.0921 )
use_collision = true
material = ExtResource( 22 )

[node name="CSGBox" type="CSGBox" parent="Levels/1/Fence/Fence3"]
transform = Transform( 0.376099, 0, 0, 0, 0.64669, 0, 0, 0, 1, 0.0946331, 0.153519, 0.118849 )
use_collision = true
depth = 21.7348
material = SubResource( 26 )

[node name="Fence4" type="Spatial" parent="Levels/1/Fence"]
transform = Transform( 0.416198, 0.0733869, 0.906308, -0.173648, 0.984808, 0, -0.892539, -0.157379, 0.422618, 9.21505, 2.41999, -21.7413 )

[node name="CSGCylinder2" type="CSGCylinder" parent="Levels/1/Fence/Fence4"]
transform = Transform( 1, 0, 0, 0, 4.35567, 0, 0, 0, 1, -0.00695038, -0.855301, 10.3354 )
use_collision = true
material = ExtResource( 22 )

[node name="CSGBox" type="CSGBox" parent="Levels/1/Fence/Fence4"]
transform = Transform( 0.376099, 0, 0, 0, 0.64669, 0, 0, 0, 1, 0.0946331, 0.153519, 0.118849 )
use_collision = true
depth = 19.7285
material = SubResource( 26 )

[node name="Fence5" type="Spatial" parent="Levels/1/Fence"]
transform = Transform( 0.925417, 0.163176, 0.34202, -0.173648, 0.984808, 0, -0.336824, -0.0593912, 0.939693, 22.3147, 2.47742, -6.99432 )

[node name="CSGCylinder2" type="CSGCylinder" parent="Levels/1/Fence/Fence5"]
transform = Transform( 1, 0, 0, 0, 4.35567, 0, 0, 0, 1, -0.00695038, -0.855301, 10.3354 )
use_collision = true
material = ExtResource( 22 )

[node name="CSGBox" type="CSGBox" parent="Levels/1/Fence/Fence5"]
transform = Transform( 0.376099, 0, 0, 0, 0.64669, 0, 0, 0, 1, 0.0946331, 0.153519, 0.118849 )
use_collision = true
depth = 20.7837
material = SubResource( 26 )

[node name="Fence6" type="Spatial" parent="Levels/1/Fence"]
transform = Transform( 0.925417, 0.163176, -0.34202, -0.173648, 0.984808, 0, 0.336824, 0.0593912, 0.939693, 22.8881, 2.47742, 10.7851 )

[node name="CSGCylinder2" type="CSGCylinder" parent="Levels/1/Fence/Fence6"]
transform = Transform( 1, 0, 0, 0, 4.35567, 0, 0, 0, 1, -0.00695038, -0.855301, 10.3354 )
use_collision = true
material = ExtResource( 22 )

[node name="CSGBox" type="CSGBox" parent="Levels/1/Fence/Fence6"]
transform = Transform( 0.376099, 0, 0, 0, 0.64669, 0, -1.49012e-08, 0, 1, 0.288086, 0.153519, 0.650358 )
use_collision = true
depth = 18.9016
material = SubResource( 26 )

[node name="CSGCylinder" type="CSGCylinder" parent="Levels/1"]
transform = Transform( 4.46172, 0, 0, 0, -13.8175, 2.35069e-07, 0, -2.17641e-06, -4.8446, 0, -7.14976, 2.75383 )
use_collision = true
radius = 6.31511
cone = true
smooth_faces = false
material = ExtResource( 13 )

[node name="CSGCylinder2" type="CSGCylinder" parent="Levels/1/CSGCylinder"]
transform = Transform( 0.5, 0, 0, 0, 1, 1.77636e-15, 0, -4.54747e-13, 0.499999, 0, 0.446704, 3.57628e-07 )
use_collision = true
radius = 6.31511
height = 1.55902
sides = 12
cone = true
smooth_faces = false
material = SubResource( 28 )

[node name="CSGBox5" type="CSGBox" parent="Levels/1"]
transform = Transform( 1, 0, 0, 0, 1, 0, 0, 0, 2, 0, -1.24276, 41.4518 )
snap = 0.0001
use_collision = true
collision_mask = 3
width = 33.511
depth = 57.393
material = ExtResource( 13 )

[node name="CSGCylinder" type="CSGCylinder" parent="Levels/1/CSGBox5"]
transform = Transform( 3.409, 0, 0, 0, -2.18557e-08, -2, 0, 0.5, -8.74228e-08, 0, 9.00176, 7.69913 )
operation = 1
radius = 5.0
height = 100.0
material = ExtResource( 13 )

[node name="Spawn" type="Spatial" parent="Levels/1"]
script = ExtResource( 7 )

[node name="CSGBox" type="CSGBox" parent="Levels/1/Spawn"]
transform = Transform( 2, 0, 0, 0, 1, 0, 0, 0, 2, 0, 0, 0 )
use_collision = true
collision_mask = 2
height = 0.5
material = SubResource( 13 )

[node name="CSGPolygon" type="CSGPolygon" parent="Levels/1/Spawn/CSGBox"]
transform = Transform( -0.5, 0, -1.74846e-07, 0, 0.5, 0, 4.37114e-08, 0, -2, -1, -0.25, -1 )
polygon = PoolVector2Array( 0, 0, 0, 1, 1.00343, 0.00343323, 1, 0 )

[node name="CSGPolygon2" type="CSGPolygon" parent="Levels/1/Spawn/CSGBox"]
transform = Transform( 0.5, 0, 0, 0, 0.5, 0, 0, 0, 2, 1, -0.25, 1 )
polygon = PoolVector2Array( 0, 0, 0, 1, 1.00343, 0.00343323, 1, 0 )

[node name="CSGPolygon3" type="CSGPolygon" parent="Levels/1/Spawn/CSGBox"]
transform = Transform( -2.18557e-08, 0, 2, 0, 0.5, 0, -0.5, 0, -8.74228e-08, 1, -0.25, -1 )
polygon = PoolVector2Array( 0, 0, 0, 1, 1.00343, 0.00343323, 1, 0 )

[node name="CSGPolygon4" type="CSGPolygon" parent="Levels/1/Spawn/CSGBox"]
transform = Transform( -2.18557e-08, 0, -2, 0, 0.5, 0, 0.5, 0, -8.74228e-08, -1, -0.25, 1 )
polygon = PoolVector2Array( 0, 0, 0, 1, 1.00343, 0.00343323, 1, 0 )

[node name="SpawnHitbox" type="Area" parent="Levels/1/Spawn"]

[node name="CollisionShape" type="CollisionShape" parent="Levels/1/Spawn/SpawnHitbox"]
transform = Transform( 2, 0, 0, 0, 3, 0, 0, 0, 2, 0, 3.31564, 0 )
shape = SubResource( 14 )

[node name="board" type="Spatial" parent="Levels/1"]
transform = Transform( 0.866025, 0.0868241, 0.492404, 0, 0.984808, -0.173648, -0.5, 0.150384, 0.852868, 14.432, 4.09217, 25.852 )

[node name="CSGBox" type="CSGBox" parent="Levels/1/board"]
transform = Transform( 0.5, 0, 0, 0, 1, 0, 0, 0, 0.4, 0.000131607, -3.63199, -0.000490189 )
use_collision = true

[node name="CSGBox2" type="CSGBox" parent="Levels/1/board"]
transform = Transform( 5.77289, 0, 4.03745e-08, 0, 3, 0, 4.37114e-07, 0, -0.4, 0.000131607, -0.579521, -0.000490189 )
use_collision = true
material = SubResource( 15 )

[node name="CSGBox3" type="CSGBox" parent="Levels/1/board"]
transform = Transform( 6.15283, 0, 4.30318e-08, 0, 3, 0, 7.42591e-07, 0, -0.67954, 0.000131607, 0.395241, 0.287413 )
use_collision = true

[node name="Sprite3D" type="Sprite3D" parent="Levels/1/board"]
transform = Transform( -1, 0, -8.74228e-08, 0, 1, 0, 8.74228e-08, 0, -1, 0, 0, -0.459267 )
texture = ExtResource( 11 )

[node name="board2" type="Spatial" parent="Levels/1"]
transform = Transform( 0.866025, -0.0868241, -0.492404, 0, 0.984808, -0.173648, 0.5, 0.150384, 0.852868, -14.3651, 4.09217, 25.852 )

[node name="CSGBox" type="CSGBox" parent="Levels/1/board2"]
transform = Transform( 0.5, 0, 0, 0, 1, 0, 0, 0, 0.4, 0.000131607, -3.63199, -0.000490189 )
use_collision = true

[node name="CSGBox3" type="CSGBox" parent="Levels/1/board2"]
transform = Transform( 6.15283, 0, 4.30318e-08, 0, 3, 0, 7.42591e-07, 0, -0.67954, 0.000131607, 0.395241, 0.287413 )
use_collision = true

[node name="Sprite3D" type="Sprite3D" parent="Levels/1/board2"]
transform = Transform( -0.8, 0, -1.50996e-07, 0, 0.8, 0, 1.20797e-07, 0, -1, 0, 0.371422, -0.459267 )
texture = ExtResource( 12 )

[node name="PalmTree" type="Spatial" parent="Levels/1"]
transform = Transform( 1, 0, 0, 0, 1, 0, 0, 0, 1, 9.73841, 3.42556, -13.7803 )
script = ExtResource( 16 )

[node name="Base" type="Spatial" parent="Levels/1/PalmTree"]

[node name="Bcyl1" type="CSGCylinder" parent="Levels/1/PalmTree/Base"]
transform = Transform( 0.6, 0, 0, 0, 1.5, 0, 0, 0, 0.6, 0.340159, -3.0184, 0.0168724 )
use_collision = true
collision_mask = 3
radius = 1.2
height = 1.3
sides = 16
material = ExtResource( 14 )

[node name="CSGTorus" type="CSGTorus" parent="Levels/1/PalmTree/Base/Bcyl1"]
transform = Transform( 0.5, 0, 0, 0, 1, 0, 0, 0, 0.5, 0, 0, 0 )
inner_radius = 1.637
sides = 16
ring_sides = 16
material = ExtResource( 15 )

[node name="Bcyl2" type="CSGCylinder" parent="Levels/1/PalmTree/Base"]
transform = Transform( 0.590885, -0.260471, 0, 0.104189, 1.47721, 0, 0, 0, 0.6, 0.220259, -1.22784, 0.0168724 )
use_collision = true
collision_mask = 3
radius = 1.2
height = 1.3
sides = 16
material = ExtResource( 14 )

[node name="CSGTorus" type="CSGTorus" parent="Levels/1/PalmTree/Base/Bcyl2"]
transform = Transform( 0.5, 0, 0, 0, 1, 0, 0, 0, 0.5, 0, 0, 0 )
inner_radius = 1.637
sides = 16
ring_sides = 16
material = ExtResource( 15 )

[node name="Bcyl3" type="CSGCylinder" parent="Levels/1/PalmTree/Base"]
transform = Transform( 0.563816, -0.513032, 0, 0.205212, 1.40954, 0, 0, 0, 0.6, -0.206241, 0.319038, 0.0168724 )
use_collision = true
collision_mask = 3
radius = 1.2
height = 1.3
sides = 16
material = ExtResource( 14 )

[node name="CSGTorus" type="CSGTorus" parent="Levels/1/PalmTree/Base/Bcyl3"]
transform = Transform( 0.5, 0, 0, 0, 1, 0, 0, 0, 0.5, 0, 0, 0 )
inner_radius = 1.637
sides = 16
ring_sides = 16
material = ExtResource( 15 )

[node name="Bcyl4" type="CSGCylinder" parent="Levels/1/PalmTree/Base"]
transform = Transform( 0.519615, -0.749999, 0, 0.3, 1.29904, 0, 0, 0, 0.6, -0.953779, 1.98299, 0.0168724 )
use_collision = true
collision_mask = 3
radius = 1.2
height = 1.3
sides = 16
material = ExtResource( 14 )

[node name="CSGTorus" type="CSGTorus" parent="Levels/1/PalmTree/Base/Bcyl4"]
transform = Transform( 0.5, 0, 0, 0, 1, 0, 0, 0, 0.5, 0, 0, 0 )
inner_radius = 1.637
sides = 16
ring_sides = 16
material = ExtResource( 15 )

[node name="Bcyl5" type="CSGCylinder" parent="Levels/1/PalmTree/Base"]
transform = Transform( 0.459627, -0.964186, 0, 0.385673, 1.14907, 0, 0, 0, 0.6, -1.92338, 3.39209, 0.0168724 )
use_collision = true
collision_mask = 3
radius = 1.2
height = 1.3
sides = 16
material = ExtResource( 14 )

[node name="CSGTorus" type="CSGTorus" parent="Levels/1/PalmTree/Base/Bcyl5"]
transform = Transform( 0.5, 0, 0, 0, 1, 0, 0, 0, 0.5, 0, 0, 0 )
inner_radius = 1.637
sides = 16
ring_sides = 16
material = ExtResource( 15 )

[node name="Top" type="Spatial" parent="Levels/1/PalmTree"]

[node name="L1" type="Spatial" parent="Levels/1/PalmTree/Top"]
transform = Transform( 0.906563, -0.0449344, -0.653642, -0.204484, 0.949837, -0.262246, 0.759164, 0.309501, 0.709915, -0.663534, 5.43496, -0.971638 )

[node name="Lbox1" type="CSGBox" parent="Levels/1/PalmTree/Top/L1"]
transform = Transform( 0.766044, -0.642788, 0, 0.55667, 0.663414, -0.5, 0.321394, 0.383022, 0.866025, -0.492079, -0.426417, 1.45716 )
width = 0.1
height = 0.1
material = ExtResource( 19 )

[node name="Lbox8" type="CSGBox" parent="Levels/1/PalmTree/Top/L1/Lbox1"]
transform = Transform( 1, 1.49012e-08, 0, 7.45058e-09, 1, 0, 0, 2.98023e-08, 1, 0.00129747, 0.00154877, -0.246435 )
width = 1.0
height = 0.1
depth = 1.5
material = ExtResource( 19 )

[node name="Lbox9" type="CSGBox" parent="Levels/1/PalmTree/Top/L1/Lbox1/Lbox8"]
transform = Transform( 0.939679, 0.236716, 0.246923, -0.172156, 0.951062, -0.256601, -0.29558, 0.198614, 0.934444, -0.763677, -0.106493, 0.255014 )
operation = 2
width = 1.0
height = 1.0
depth = 2.1413
material = ExtResource( 19 )

[node name="Lbox10" type="CSGBox" parent="Levels/1/PalmTree/Top/L1/Lbox1/Lbox8"]
transform = Transform( 0.919877, -0.190965, -0.342584, 0.276719, 0.934996, 0.221833, 0.277953, -0.298857, 0.912923, 0.931333, -0.230259, -0.15378 )
operation = 2
width = 1.0
height = 1.0
depth = 2.47273
material = ExtResource( 19 )

[node name="Lbox11" type="CSGBox" parent="Levels/1/PalmTree/Top/L1/Lbox1/Lbox8"]
transform = Transform( 1, -3.20375e-07, -5.96046e-08, -2.23517e-08, 1, -5.96046e-08, 1.19209e-07, 3.8743e-07, 1, 0.627828, -0.239977, -0.502367 )
operation = 2
width = 1.0
height = 1.0
depth = 0.1
material = ExtResource( 19 )

[node name="Lbox12" type="CSGBox" parent="Levels/1/PalmTree/Top/L1/Lbox1/Lbox8"]
transform = Transform( 1, -3.35276e-07, -5.96046e-08, -2.23517e-08, 1, -5.96046e-08, 1.19209e-07, 8.34465e-07, 1, 0.554173, 0.335436, 0.179131 )
operation = 2
width = 1.0
height = 1.0
depth = 0.1
material = ExtResource( 19 )

[node name="Lbox13" type="CSGBox" parent="Levels/1/PalmTree/Top/L1/Lbox1/Lbox8"]
transform = Transform( 1, -3.35276e-07, -5.96046e-08, -2.23517e-08, 1, -5.96046e-08, 1.19209e-07, 8.34465e-07, 1, -0.626702, 0.0479565, -0.275005 )
operation = 2
width = 1.0
height = 1.0
depth = 0.1
material = ExtResource( 19 )

[node name="Lbox7" type="CSGBox" parent="Levels/1/PalmTree/Top/L1"]
transform = Transform( 0.770633, -0.554019, -0.31494, 0.555827, 0.826069, -0.0930934, 0.311738, -0.103312, 0.944535, -0.183231, 0.165855, -0.336422 )
width = 1.0
height = 0.1
material = ExtResource( 19 )

[node name="CSGBox3" type="CSGBox" parent="Levels/1/PalmTree/Top/L1/Lbox7"]
transform = Transform( 0.937173, -0.348773, -0.00794068, 0.297807, 0.811665, -0.502505, 0.181705, 0.468569, 0.864538, -0.618948, -0.545877, -0.841946 )
operation = 2
width = 0.5
height = 1.5507
depth = 1.0
material = ExtResource( 19 )

[node name="CSGBox4" type="CSGBox" parent="Levels/1/PalmTree/Top/L1/Lbox7"]
transform = Transform( 0.869579, 0.493729, -0.00794083, -0.430345, 0.749861, -0.502505, -0.242147, 0.440385, 0.864538, 0.440053, -0.59222, -1.19653 )
operation = 2
width = 0.5
height = 1.5507
depth = 1.0
material = ExtResource( 19 )

[node name="CSGBox5" type="CSGBox" parent="Levels/1/PalmTree/Top/L1/Lbox7"]
transform = Transform( 1, 2.98023e-08, 2.98023e-08, -7.45058e-09, 1, -7.45058e-09, -1.19209e-07, -7.45058e-09, 0.999999, -0.742524, 0.321259, -0.151421 )
operation = 2
width = 1.0
depth = 0.1
material = ExtResource( 19 )

[node name="CSGBox6" type="CSGBox" parent="Levels/1/PalmTree/Top/L1/Lbox7"]
transform = Transform( 1, 2.98023e-08, 2.98023e-08, -8.9407e-08, 1, -7.45058e-09, -2.38419e-07, -7.45058e-09, 0.999999, -0.48307, 0.235275, 0.634701 )
operation = 2
width = 1.0
depth = 0.1
material = ExtResource( 19 )

[node name="CSGBox7" type="CSGBox" parent="Levels/1/PalmTree/Top/L1/Lbox7"]
transform = Transform( 1, 2.98023e-08, 2.98023e-08, -1.3411e-07, 1, -7.45058e-09, -6.85453e-07, -7.45058e-09, 0.999999, -0.518924, 0.921794, -0.660702 )
operation = 2
width = 1.0
depth = 0.1
material = ExtResource( 19 )

[node name="CSGBox8" type="CSGBox" parent="Levels/1/PalmTree/Top/L1/Lbox7"]
transform = Transform( 1, 2.98023e-08, 2.98023e-08, -1.49012e-07, 1, -7.45058e-09, -8.34465e-07, -7.45058e-09, 0.999999, 0.615108, 0.265752, 0.288799 )
operation = 2
width = 1.0
depth = 0.1
material = ExtResource( 19 )

[node name="CSGBox9" type="CSGBox" parent="Levels/1/PalmTree/Top/L1/Lbox7"]
transform = Transform( 1, 2.98023e-08, 2.98023e-08, -1.49012e-07, 1, -7.45058e-09, -8.34465e-07, -7.45058e-09, 0.999999, 0.448285, 0.321038, -0.21666 )
operation = 2
width = 1.0
depth = 0.1
material = ExtResource( 19 )

[node name="Lbox6" type="CSGBox" parent="Levels/1/PalmTree/Top/L1"]
transform = Transform( 0.766044, -0.642788, 0, 0.55667, 0.663414, -0.5, 0.321394, 0.383022, 0.866025, 0.418253, -0.051055, -1.44936 )
width = 1.0
height = 1.0
depth = 0.1
material = ExtResource( 19 )

[node name="CSGBox" type="CSGBox" parent="Levels/1/PalmTree/Top/L1/Lbox6"]
transform = Transform( 0.939693, -0.34202, 6.1158e-08, 0.34202, 0.939693, -1.6803e-07, 7.10543e-15, 1.78814e-07, 1, -0.617865, 0.0840702, 0.414898 )
operation = 2
width = 0.5
height = 1.5507
depth = 1.0
material = ExtResource( 19 )

[node name="CSGBox3" type="CSGBox" parent="Levels/1/PalmTree/Top/L1/Lbox6"]
transform = Transform( 1, 1.49012e-08, 0, -4.47035e-08, 1, 0, 1.19209e-07, 2.98023e-08, 1, -0.415835, 0.325771, 0.231188 )
operation = 2
width = 0.5
height = 0.1
depth = 1.0
material = ExtResource( 19 )

[node name="CSGBox4" type="CSGBox" parent="Levels/1/PalmTree/Top/L1/Lbox6"]
transform = Transform( 1, 1.49012e-08, 0, -4.47035e-08, 1, 0, 1.19209e-07, 2.98023e-08, 1, 0.124376, -0.165199, 0.247854 )
operation = 2
width = 0.5
height = 0.1
depth = 1.0
material = ExtResource( 19 )

[node name="CSGBox5" type="CSGBox" parent="Levels/1/PalmTree/Top/L1/Lbox6"]
transform = Transform( 1, 1.49012e-08, 0, -4.47035e-08, 1, 0, 1.19209e-07, 2.98023e-08, 1, 0.314868, 0.247738, 0.19767 )
operation = 2
width = 0.5
height = 0.1
depth = 1.0
material = ExtResource( 19 )

[node name="CSGBox2" type="CSGBox" parent="Levels/1/PalmTree/Top/L1/Lbox6"]
transform = Transform( 0.866026, 0.5, 0, -0.5, 0.866025, 0, 7.45058e-09, 5.96046e-08, 1, 0.437252, -0.141794, 0.123224 )
operation = 2
width = 0.5
height = 1.5507
depth = 1.0
material = ExtResource( 19 )

[node name="L3" type="Spatial" parent="Levels/1/PalmTree/Top"]
transform = Transform( 0.141216, -0.375731, -0.919227, -0.643157, 0.755233, -0.377313, 1.0032, 0.537075, -0.112502, -0.735615, 5.3146, 1.25825 )

[node name="Lbox1" type="CSGBox" parent="Levels/1/PalmTree/Top/L3"]
transform = Transform( 0.766044, -0.642788, 0, 0.55667, 0.663414, -0.5, 0.321394, 0.383022, 0.866025, -0.492079, -0.426417, 1.45716 )
width = 0.1
height = 0.1
material = ExtResource( 19 )

[node name="Lbox8" type="CSGBox" parent="Levels/1/PalmTree/Top/L3/Lbox1"]
transform = Transform( 1, 1.49012e-08, 0, 7.45058e-09, 1, 0, 0, 2.98023e-08, 1, 0.00129747, 0.00154877, -0.246435 )
width = 1.0
height = 0.1
depth = 1.5
material = ExtResource( 19 )

[node name="Lbox9" type="CSGBox" parent="Levels/1/PalmTree/Top/L3/Lbox1/Lbox8"]
transform = Transform( 0.939679, 0.236716, 0.246923, -0.172156, 0.951062, -0.256601, -0.29558, 0.198614, 0.934444, -0.763677, -0.106493, 0.255014 )
operation = 2
width = 1.0
height = 1.0
depth = 2.1413
material = ExtResource( 19 )

[node name="Lbox10" type="CSGBox" parent="Levels/1/PalmTree/Top/L3/Lbox1/Lbox8"]
transform = Transform( 0.919877, -0.190965, -0.342584, 0.276719, 0.934996, 0.221833, 0.277953, -0.298857, 0.912923, 0.931333, -0.230259, -0.15378 )
operation = 2
width = 1.0
height = 1.0
depth = 2.47273
material = ExtResource( 19 )

[node name="Lbox11" type="CSGBox" parent="Levels/1/PalmTree/Top/L3/Lbox1/Lbox8"]
transform = Transform( 1, -3.20375e-07, -5.96046e-08, -2.23517e-08, 1, -5.96046e-08, 1.19209e-07, 3.8743e-07, 1, 0.627828, -0.239977, -0.502367 )
operation = 2
width = 1.0
height = 1.0
depth = 0.1
material = ExtResource( 19 )

[node name="Lbox12" type="CSGBox" parent="Levels/1/PalmTree/Top/L3/Lbox1/Lbox8"]
transform = Transform( 1, -3.35276e-07, -5.96046e-08, -2.23517e-08, 1, -5.96046e-08, 1.19209e-07, 8.34465e-07, 1, 0.554173, 0.335436, 0.179131 )
operation = 2
width = 1.0
height = 1.0
depth = 0.1
material = ExtResource( 19 )

[node name="Lbox13" type="CSGBox" parent="Levels/1/PalmTree/Top/L3/Lbox1/Lbox8"]
transform = Transform( 1, -3.35276e-07, -5.96046e-08, -2.23517e-08, 1, -5.96046e-08, 1.19209e-07, 8.34465e-07, 1, -0.626702, 0.0479565, -0.275005 )
operation = 2
width = 1.0
height = 1.0
depth = 0.1
material = ExtResource( 19 )

[node name="Lbox7" type="CSGBox" parent="Levels/1/PalmTree/Top/L3"]
transform = Transform( 0.770633, -0.554019, -0.31494, 0.555827, 0.826069, -0.0930934, 0.311738, -0.103312, 0.944535, -0.183231, 0.165855, -0.336422 )
width = 1.0
height = 0.1
material = ExtResource( 19 )

[node name="CSGBox3" type="CSGBox" parent="Levels/1/PalmTree/Top/L3/Lbox7"]
transform = Transform( 0.937173, -0.348773, -0.00794068, 0.297807, 0.811665, -0.502505, 0.181705, 0.468569, 0.864538, -0.618948, -0.545877, -0.841946 )
operation = 2
width = 0.5
height = 1.5507
depth = 1.0
material = ExtResource( 19 )

[node name="CSGBox4" type="CSGBox" parent="Levels/1/PalmTree/Top/L3/Lbox7"]
transform = Transform( 0.869579, 0.493729, -0.00794083, -0.430345, 0.749861, -0.502505, -0.242147, 0.440385, 0.864538, 0.440053, -0.59222, -1.19653 )
operation = 2
width = 0.5
height = 1.5507
depth = 1.0
material = ExtResource( 19 )

[node name="CSGBox5" type="CSGBox" parent="Levels/1/PalmTree/Top/L3/Lbox7"]
transform = Transform( 1, 2.98023e-08, 2.98023e-08, -7.45058e-09, 1, -7.45058e-09, -1.19209e-07, -7.45058e-09, 0.999999, -0.742524, 0.321259, -0.151421 )
operation = 2
width = 1.0
depth = 0.1
material = ExtResource( 19 )

[node name="CSGBox6" type="CSGBox" parent="Levels/1/PalmTree/Top/L3/Lbox7"]
transform = Transform( 1, 2.98023e-08, 2.98023e-08, -8.9407e-08, 1, -7.45058e-09, -2.38419e-07, -7.45058e-09, 0.999999, -0.48307, 0.235275, 0.634701 )
operation = 2
width = 1.0
depth = 0.1
material = ExtResource( 19 )

[node name="CSGBox7" type="CSGBox" parent="Levels/1/PalmTree/Top/L3/Lbox7"]
transform = Transform( 1, 2.98023e-08, 2.98023e-08, -1.3411e-07, 1, -7.45058e-09, -6.85453e-07, -7.45058e-09, 0.999999, -0.518924, 0.921794, -0.660702 )
operation = 2
width = 1.0
depth = 0.1
material = ExtResource( 19 )

[node name="CSGBox8" type="CSGBox" parent="Levels/1/PalmTree/Top/L3/Lbox7"]
transform = Transform( 1, 2.98023e-08, 2.98023e-08, -1.49012e-07, 1, -7.45058e-09, -8.34465e-07, -7.45058e-09, 0.999999, 0.615108, 0.265752, 0.288799 )
operation = 2
width = 1.0
depth = 0.1
material = ExtResource( 19 )

[node name="CSGBox9" type="CSGBox" parent="Levels/1/PalmTree/Top/L3/Lbox7"]
transform = Transform( 1, 2.98023e-08, 2.98023e-08, -1.49012e-07, 1, -7.45058e-09, -8.34465e-07, -7.45058e-09, 0.999999, 0.448285, 0.321038, -0.21666 )
operation = 2
width = 1.0
depth = 0.1
material = ExtResource( 19 )

[node name="Lbox6" type="CSGBox" parent="Levels/1/PalmTree/Top/L3"]
transform = Transform( 0.766044, -0.642788, 0, 0.55667, 0.663414, -0.5, 0.321394, 0.383022, 0.866025, 0.418253, -0.051055, -1.44936 )
width = 1.0
height = 1.0
depth = 0.1
material = ExtResource( 19 )

[node name="CSGBox" type="CSGBox" parent="Levels/1/PalmTree/Top/L3/Lbox6"]
transform = Transform( 0.939693, -0.34202, 6.1158e-08, 0.34202, 0.939693, -1.6803e-07, 7.10543e-15, 1.78814e-07, 1, -0.617865, 0.0840702, 0.414898 )
operation = 2
width = 0.5
height = 1.5507
depth = 1.0
material = ExtResource( 19 )

[node name="CSGBox3" type="CSGBox" parent="Levels/1/PalmTree/Top/L3/Lbox6"]
transform = Transform( 1, 1.49012e-08, 0, -4.47035e-08, 1, 0, 1.19209e-07, 2.98023e-08, 1, -0.415835, 0.325771, 0.231188 )
operation = 2
width = 0.5
height = 0.1
depth = 1.0
material = ExtResource( 19 )

[node name="CSGBox4" type="CSGBox" parent="Levels/1/PalmTree/Top/L3/Lbox6"]
transform = Transform( 1, 1.49012e-08, 0, -4.47035e-08, 1, 0, 1.19209e-07, 2.98023e-08, 1, 0.124376, -0.165199, 0.247854 )
operation = 2
width = 0.5
height = 0.1
depth = 1.0
material = ExtResource( 19 )

[node name="CSGBox5" type="CSGBox" parent="Levels/1/PalmTree/Top/L3/Lbox6"]
transform = Transform( 1, 1.49012e-08, 0, -4.47035e-08, 1, 0, 1.19209e-07, 2.98023e-08, 1, 0.314868, 0.247738, 0.19767 )
operation = 2
width = 0.5
height = 0.1
depth = 1.0
material = ExtResource( 19 )

[node name="CSGBox2" type="CSGBox" parent="Levels/1/PalmTree/Top/L3/Lbox6"]
transform = Transform( 0.866026, 0.5, 0, -0.5, 0.866025, 0, 7.45058e-09, 5.96046e-08, 1, 0.437252, -0.141794, 0.123224 )
operation = 2
width = 0.5
height = 1.5507
depth = 1.0
material = ExtResource( 19 )

[node name="L4" type="Spatial" parent="Levels/1/PalmTree/Top"]
transform = Transform( -0.509324, -0.894306, -0.14167, -1.07054, 0.439792, -0.103484, 0.185822, 0.0824644, -0.98449, -3.23217, 4.25266, 2.46664 )

[node name="Lbox1" type="CSGBox" parent="Levels/1/PalmTree/Top/L4"]
transform = Transform( 0.766044, -0.642788, 0, 0.55667, 0.663414, -0.5, 0.321394, 0.383022, 0.866025, -0.492079, -0.426417, 1.45716 )
width = 0.1
height = 0.1
material = ExtResource( 19 )

[node name="Lbox8" type="CSGBox" parent="Levels/1/PalmTree/Top/L4/Lbox1"]
transform = Transform( 1, 1.49012e-08, 0, 7.45058e-09, 1, 0, 0, 2.98023e-08, 1, 0.00129747, 0.00154877, -0.246435 )
width = 1.0
height = 0.1
depth = 1.5
material = ExtResource( 19 )

[node name="Lbox9" type="CSGBox" parent="Levels/1/PalmTree/Top/L4/Lbox1/Lbox8"]
transform = Transform( 0.939679, 0.236716, 0.246923, -0.172156, 0.951062, -0.256601, -0.29558, 0.198614, 0.934444, -0.763677, -0.106493, 0.255014 )
operation = 2
width = 1.0
height = 1.0
depth = 2.1413
material = ExtResource( 19 )

[node name="Lbox10" type="CSGBox" parent="Levels/1/PalmTree/Top/L4/Lbox1/Lbox8"]
transform = Transform( 0.919877, -0.190965, -0.342584, 0.276719, 0.934996, 0.221833, 0.277953, -0.298857, 0.912923, 0.931333, -0.230259, -0.15378 )
operation = 2
width = 1.0
height = 1.0
depth = 2.47273
material = ExtResource( 19 )

[node name="Lbox11" type="CSGBox" parent="Levels/1/PalmTree/Top/L4/Lbox1/Lbox8"]
transform = Transform( 1, -3.20375e-07, -5.96046e-08, -2.23517e-08, 1, -5.96046e-08, 1.19209e-07, 3.8743e-07, 1, 0.627828, -0.239977, -0.502367 )
operation = 2
width = 1.0
height = 1.0
depth = 0.1
material = ExtResource( 19 )

[node name="Lbox12" type="CSGBox" parent="Levels/1/PalmTree/Top/L4/Lbox1/Lbox8"]
transform = Transform( 1, -3.35276e-07, -5.96046e-08, -2.23517e-08, 1, -5.96046e-08, 1.19209e-07, 8.34465e-07, 1, 0.554173, 0.335436, 0.179131 )
operation = 2
width = 1.0
height = 1.0
depth = 0.1
material = ExtResource( 19 )

[node name="Lbox13" type="CSGBox" parent="Levels/1/PalmTree/Top/L4/Lbox1/Lbox8"]
transform = Transform( 1, -3.35276e-07, -5.96046e-08, -2.23517e-08, 1, -5.96046e-08, 1.19209e-07, 8.34465e-07, 1, -0.626702, 0.0479565, -0.275005 )
operation = 2
width = 1.0
height = 1.0
depth = 0.1
material = ExtResource( 19 )

[node name="Lbox7" type="CSGBox" parent="Levels/1/PalmTree/Top/L4"]
transform = Transform( 0.770633, -0.554019, -0.31494, 0.555827, 0.826069, -0.0930934, 0.311738, -0.103312, 0.944535, -0.183231, 0.165855, -0.336422 )
width = 1.0
height = 0.1
material = ExtResource( 19 )

[node name="CSGBox3" type="CSGBox" parent="Levels/1/PalmTree/Top/L4/Lbox7"]
transform = Transform( 0.937173, -0.348773, -0.00794068, 0.297807, 0.811665, -0.502505, 0.181705, 0.468569, 0.864538, -0.618948, -0.545877, -0.841946 )
operation = 2
width = 0.5
height = 1.5507
depth = 1.0
material = ExtResource( 19 )

[node name="CSGBox4" type="CSGBox" parent="Levels/1/PalmTree/Top/L4/Lbox7"]
transform = Transform( 0.869579, 0.493729, -0.00794083, -0.430345, 0.749861, -0.502505, -0.242147, 0.440385, 0.864538, 0.440053, -0.59222, -1.19653 )
operation = 2
width = 0.5
height = 1.5507
depth = 1.0
material = ExtResource( 19 )

[node name="CSGBox5" type="CSGBox" parent="Levels/1/PalmTree/Top/L4/Lbox7"]
transform = Transform( 1, 2.98023e-08, 2.98023e-08, -7.45058e-09, 1, -7.45058e-09, -1.19209e-07, -7.45058e-09, 0.999999, -0.742524, 0.321259, -0.151421 )
operation = 2
width = 1.0
depth = 0.1
material = ExtResource( 19 )

[node name="CSGBox6" type="CSGBox" parent="Levels/1/PalmTree/Top/L4/Lbox7"]
transform = Transform( 1, 2.98023e-08, 2.98023e-08, -8.9407e-08, 1, -7.45058e-09, -2.38419e-07, -7.45058e-09, 0.999999, -0.48307, 0.235275, 0.634701 )
operation = 2
width = 1.0
depth = 0.1
material = ExtResource( 19 )

