[gd_scene load_steps=6 format=2]

[ext_resource path="res://materials/palmtree2.tres" type="Material" id=1]
[ext_resource path="res://materials/palmtree1.tres" type="Material" id=2]
[ext_resource path="res://materials/palmtree3.tres" type="Material" id=3]
[ext_resource path="res://materials/palmtree4.tres" type="Material" id=4]
[ext_resource path="res://materials/palmtree5.tres" type="Material" id=5]

[node name="PalmTree" type="Spatial"]
transform = Transform( 1, 0, 0, 0, 1, 0, 0, 0, 1, -10.5197, 3.42556, 39.6984 )

[node name="Base" type="Spatial" parent="."]

[node name="Bcyl1" type="CSGCylinder" parent="Base"]
transform = Transform( 0.6, 0, 0, 0, 1.5, 0, 0, 0, 0.6, 0.340159, -3.0184, 0.0168724 )
use_collision = true
collision_mask = 3
radius = 1.2
height = 1.3
sides = 16
material = ExtResource( 2 )

[node name="CSGTorus" type="CSGTorus" parent="Base/Bcyl1"]
transform = Transform( 0.5, 0, 0, 0, 1, 0, 0, 0, 0.5, 0, 0, 0 )
inner_radius = 1.637
sides = 16
ring_sides = 16
material = ExtResource( 1 )

[node name="Bcyl2" type="CSGCylinder" parent="Base"]
transform = Transform( 0.590885, -0.260472, 0, 0.104189, 1.47721, 0, 0, 0, 0.6, 0.220259, -1.22784, 0.0168724 )
use_collision = true
collision_mask = 3
radius = 1.2
height = 1.3
sides = 16
material = ExtResource( 2 )

[node name="CSGTorus" type="CSGTorus" parent="Base/Bcyl2"]
transform = Transform( 0.5, 0, 0, 0, 1, 0, 0, 0, 0.5, 0, 0, 0 )
inner_radius = 1.637
sides = 16
ring_sides = 16
material = ExtResource( 1 )

[node name="Bcyl3" type="CSGCylinder" parent="Base"]
transform = Transform( 0.563816, -0.51303, 0, 0.205212, 1.40954, 0, 0, 0, 0.6, -0.206241, 0.319038, 0.0168724 )
use_collision = true
collision_mask = 3
radius = 1.2
height = 1.3
sides = 16
material = ExtResource( 2 )

[node name="CSGTorus" type="CSGTorus" parent="Base/Bcyl3"]
transform = Transform( 0.5, 0, 0, 0, 1, 0, 0, 0, 0.5, 0, 0, 0 )
inner_radius = 1.637
sides = 16
ring_sides = 16
material = ExtResource( 1 )

[node name="Bcyl4" type="CSGCylinder" parent="Base"]
transform = Transform( 0.519615, -0.75, 0, 0.3, 1.29904, 0, 0, 0, 0.6, -0.953779, 1.98299, 0.0168724 )
use_collision = true
collision_mask = 3
radius = 1.2
height = 1.3
sides = 16
material = ExtResource( 2 )

[node name="CSGTorus" type="CSGTorus" parent="Base/Bcyl4"]
transform = Transform( 0.5, 0, 0, 0, 1, 0, 0, 0, 0.5, 0, 0, 0 )
inner_radius = 1.637
sides = 16
ring_sides = 16
material = ExtResource( 1 )

[node name="Bcyl5" type="CSGCylinder" parent="Base"]
transform = Transform( 0.459627, -0.964182, 0, 0.385673, 1.14907, 0, 0, 0, 0.6, -1.92338, 3.39209, 0.0168724 )
use_collision = true
collision_mask = 3
radius = 1.2
height = 1.3
sides = 16
material = ExtResource( 2 )

[node name="CSGTorus" type="CSGTorus" parent="Base/Bcyl5"]
transform = Transform( 0.5, 0, 0, 0, 1, 0, 0, 0, 0.5, 0, 0, 0 )
inner_radius = 1.637
sides = 16
ring_sides = 16
material = ExtResource( 1 )

[node name="Top" type="Spatial" parent="."]

[node name="L1" type="Spatial" parent="Top"]
transform = Transform( 0.906563, -0.0449344, -0.653642, -0.204484, 0.949837, -0.262246, 0.759164, 0.309501, 0.709915, -0.663534, 5.43496, -0.971638 )

[node name="Lbox1" type="CSGBox" parent="Top/L1"]
transform = Transform( 0.766044, -0.642788, 0, 0.55667, 0.663414, -0.5, 0.321394, 0.383022, 0.866025, -0.492079, -0.426417, 1.45716 )
width = 0.1
height = 0.1
material = ExtResource( 3 )

[node name="Lbox8" type="CSGBox" parent="Top/L1/Lbox1"]
transform = Transform( 1, 1.49012e-08, 0, 7.45058e-09, 1, 0, 0, 2.98023e-08, 1, 0.00129747, 0.00154877, -0.246435 )
width = 1.0
height = 0.1
depth = 1.5
material = ExtResource( 3 )

[node name="Lbox9" type="CSGBox" parent="Top/L1/Lbox1/Lbox8"]
transform = Transform( 0.939679, 0.236716, 0.246923, -0.172156, 0.951062, -0.256601, -0.29558, 0.198614, 0.934444, -0.763677, -0.106493, 0.255014 )
operation = 2
width = 1.0
height = 1.0
depth = 2.1413
material = ExtResource( 3 )

[node name="Lbox10" type="CSGBox" parent="Top/L1/Lbox1/Lbox8"]
transform = Transform( 0.919877, -0.190965, -0.342584, 0.276719, 0.934996, 0.221833, 0.277953, -0.298857, 0.912923, 0.931333, -0.230259, -0.15378 )
operation = 2
width = 1.0
height = 1.0
depth = 2.47273
material = ExtResource( 3 )

[node name="Lbox11" type="CSGBox" parent="Top/L1/Lbox1/Lbox8"]
transform = Transform( 1, -3.20375e-07, -5.96046e-08, -2.23517e-08, 1, -5.96046e-08, 1.19209e-07, 3.8743e-07, 1, 0.627828, -0.239977, -0.502367 )
operation = 2
width = 1.0
height = 1.0
depth = 0.1
material = ExtResource( 3 )

[node name="Lbox12" type="CSGBox" parent="Top/L1/Lbox1/Lbox8"]
transform = Transform( 1, -3.35276e-07, -5.96046e-08, -2.23517e-08, 1, -5.96046e-08, 1.19209e-07, 8.34465e-07, 1, 0.554173, 0.335436, 0.179131 )
operation = 2
width = 1.0
height = 1.0
depth = 0.1
material = ExtResource( 3 )

[node name="Lbox13" type="CSGBox" parent="Top/L1/Lbox1/Lbox8"]
transform = Transform( 1, -3.35276e-07, -5.96046e-08, -2.23517e-08, 1, -5.96046e-08, 1.19209e-07, 8.34465e-07, 1, -0.626702, 0.0479565, -0.275005 )
operation = 2
width = 1.0
height = 1.0
depth = 0.1
material = ExtResource( 3 )

[node name="Lbox7" type="CSGBox" parent="Top/L1"]
transform = Transform( 0.770633, -0.554019, -0.31494, 0.555827, 0.826069, -0.0930934, 0.311738, -0.103312, 0.944535, -0.183231, 0.165855, -0.336422 )
width = 1.0
height = 0.1
material = ExtResource( 3 )

[node name="CSGBox3" type="CSGBox" parent="Top/L1/Lbox7"]
transform = Transform( 0.937173, -0.348773, -0.00794068, 0.297807, 0.811665, -0.502505, 0.181705, 0.468569, 0.864538, -0.618948, -0.545877, -0.841946 )
operation = 2
width = 0.5
height = 1.5507
depth = 1.0
material = ExtResource( 3 )

[node name="CSGBox4" type="CSGBox" parent="Top/L1/Lbox7"]
transform = Transform( 0.869579, 0.493729, -0.00794083, -0.430345, 0.749861, -0.502505, -0.242147, 0.440385, 0.864538, 0.440053, -0.59222, -1.19653 )
operation = 2
width = 0.5
height = 1.5507
depth = 1.0
material = ExtResource( 3 )

[node name="CSGBox5" type="CSGBox" parent="Top/L1/Lbox7"]
transform = Transform( 1, 2.98023e-08, 2.98023e-08, -7.45058e-09, 1, -7.45058e-09, -1.19209e-07, -7.45058e-09, 0.999999, -0.742524, 0.321259, -0.151421 )
operation = 2
width = 1.0
depth = 0.1
material = ExtResource( 3 )

[node name="CSGBox6" type="CSGBox" parent="Top/L1/Lbox7"]
transform = Transform( 1, 2.98023e-08, 2.98023e-08, -8.9407e-08, 1, -7.45058e-09, -2.38419e-07, -7.45058e-09, 0.999999, -0.48307, 0.235275, 0.634701 )
operation = 2
width = 1.0
depth = 0.1
material = ExtResource( 3 )

[node name="CSGBox7" type="CSGBox" parent="Top/L1/Lbox7"]
transform = Transform( 1, 2.98023e-08, 2.98023e-08, -1.3411e-07, 1, -7.45058e-09, -6.85453e-07, -7.45058e-09, 0.999999, -0.518924, 0.921794, -0.660702 )
operation = 2
width = 1.0
depth = 0.1
material = ExtResource( 3 )

[node name="CSGBox8" type="CSGBox" parent="Top/L1/Lbox7"]
transform = Transform( 1, 2.98023e-08, 2.98023e-08, -1.49012e-07, 1, -7.45058e-09, -8.34465e-07, -7.45058e-09, 0.999999, 0.615108, 0.265752, 0.288799 )
operation = 2
width = 1.0
depth = 0.1
material = ExtResource( 3 )

[node name="CSGBox9" type="CSGBox" parent="Top/L1/Lbox7"]
transform = Transform( 1, 2.98023e-08, 2.98023e-08, -1.49012e-07, 1, -7.45058e-09, -8.34465e-07, -7.45058e-09, 0.999999, 0.448285, 0.321038, -0.21666 )
operation = 2
width = 1.0
depth = 0.1
material = ExtResource( 3 )

[node name="Lbox6" type="CSGBox" parent="Top/L1"]
transform = Transform( 0.766044, -0.642788, 0, 0.55667, 0.663414, -0.5, 0.321394, 0.383022, 0.866025, 0.418253, -0.051055, -1.44936 )
width = 1.0
height = 1.0
depth = 0.1
material = ExtResource( 3 )

[node name="CSGBox" type="CSGBox" parent="Top/L1/Lbox6"]
transform = Transform( 0.939693, -0.34202, 6.1158e-08, 0.34202, 0.939693, -1.6803e-07, 7.10543e-15, 1.78814e-07, 1, -0.617865, 0.0840702, 0.414898 )
operation = 2
width = 0.5
height = 1.5507
depth = 1.0
material = ExtResource( 3 )

[node name="CSGBox3" type="CSGBox" parent="Top/L1/Lbox6"]
transform = Transform( 1, 1.49012e-08, 0, -4.47035e-08, 1, 0, 1.19209e-07, 2.98023e-08, 1, -0.415835, 0.325771, 0.231188 )
operation = 2
width = 0.5
height = 0.1
depth = 1.0
material = ExtResource( 3 )

[node name="CSGBox4" type="CSGBox" parent="Top/L1/Lbox6"]
transform = Transform( 1, 1.49012e-08, 0, -4.47035e-08, 1, 0, 1.19209e-07, 2.98023e-08, 1, 0.124376, -0.165199, 0.247854 )
operation = 2
width = 0.5
height = 0.1
depth = 1.0
material = ExtResource( 3 )

[node name="CSGBox5" type="CSGBox" parent="Top/L1/Lbox6"]
transform = Transform( 1, 1.49012e-08, 0, -4.47035e-08, 1, 0, 1.19209e-07, 2.98023e-08, 1, 0.314868, 0.247738, 0.19767 )
operation = 2
width = 0.5
height = 0.1
depth = 1.0
material = ExtResource( 3 )

[node name="CSGBox2" type="CSGBox" parent="Top/L1/Lbox6"]
transform = Transform( 0.866026, 0.5, 0, -0.5, 0.866025, 0, 7.45058e-09, 5.96046e-08, 1, 0.437252, -0.141794, 0.123224 )
operation = 2
width = 0.5
height = 1.5507
depth = 1.0
material = ExtResource( 3 )

[node name="L3" type="Spatial" parent="Top"]
transform = Transform( 0.141216, -0.375731, -0.919227, -0.643157, 0.755233, -0.377313, 1.0032, 0.537075, -0.112502, -0.735615, 5.3146, 1.25825 )

[node name="Lbox1" type="CSGBox" parent="Top/L3"]
transform = Transform( 0.766044, -0.642788, 0, 0.55667, 0.663414, -0.5, 0.321394, 0.383022, 0.866025, -0.492079, -0.426417, 1.45716 )
width = 0.1
height = 0.1
material = ExtResource( 3 )

[node name="Lbox8" type="CSGBox" parent="Top/L3/Lbox1"]
transform = Transform( 1, 1.49012e-08, 0, 7.45058e-09, 1, 0, 0, 2.98023e-08, 1, 0.00129747, 0.00154877, -0.246435 )
width = 1.0
height = 0.1
depth = 1.5
material = ExtResource( 3 )

[node name="Lbox9" type="CSGBox" parent="Top/L3/Lbox1/Lbox8"]
transform = Transform( 0.939679, 0.236716, 0.246923, -0.172156, 0.951062, -0.256601, -0.29558, 0.198614, 0.934444, -0.763677, -0.106493, 0.255014 )
operation = 2
width = 1.0
height = 1.0
depth = 2.1413
material = ExtResource( 3 )

[node name="Lbox10" type="CSGBox" parent="Top/L3/Lbox1/Lbox8"]
transform = Transform( 0.919877, -0.190965, -0.342584, 0.276719, 0.934996, 0.221833, 0.277953, -0.298857, 0.912923, 0.931333, -0.230259, -0.15378 )
operation = 2
width = 1.0
height = 1.0
depth = 2.47273
material = ExtResource( 3 )

[node name="Lbox11" type="CSGBox" parent="Top/L3/Lbox1/Lbox8"]
transform = Transform( 1, -3.20375e-07, -5.96046e-08, -2.23517e-08, 1, -5.96046e-08, 1.19209e-07, 3.8743e-07, 1, 0.627828, -0.239977, -0.502367 )
operation = 2
width = 1.0
height = 1.0
depth = 0.1
material = ExtResource( 3 )

[node name="Lbox12" type="CSGBox" parent="Top/L3/Lbox1/Lbox8"]
transform = Transform( 1, -3.35276e-07, -5.96046e-08, -2.23517e-08, 1, -5.96046e-08, 1.19209e-07, 8.34465e-07, 1, 0.554173, 0.335436, 0.179131 )
operation = 2
width = 1.0
height = 1.0
depth = 0.1
material = ExtResource( 3 )

[node name="Lbox13" type="CSGBox" parent="Top/L3/Lbox1/Lbox8"]
transform = Transform( 1, -3.35276e-07, -5.96046e-08, -2.23517e-08, 1, -5.96046e-08, 1.19209e-07, 8.34465e-07, 1, -0.626702, 0.0479565, -0.275005 )
operation = 2
width = 1.0
height = 1.0
depth = 0.1
material = ExtResource( 3 )

[node name="Lbox7" type="CSGBox" parent="Top/L3"]
transform = Transform( 0.770633, -0.554019, -0.31494, 0.555827, 0.826069, -0.0930934, 0.311738, -0.103312, 0.944535, -0.183231, 0.165855, -0.336422 )
width = 1.0
height = 0.1
material = ExtResource( 3 )

[node name="CSGBox3" type="CSGBox" parent="Top/L3/Lbox7"]
transform = Transform( 0.937173, -0.348773, -0.00794068, 0.297807, 0.811665, -0.502505, 0.181705, 0.468569, 0.864538, -0.618948, -0.545877, -0.841946 )
operation = 2
width = 0.5
height = 1.5507
depth = 1.0
material = ExtResource( 3 )

[node name="CSGBox4" type="CSGBox" parent="Top/L3/Lbox7"]
transform = Transform( 0.869579, 0.493729, -0.00794083, -0.430345, 0.749861, -0.502505, -0.242147, 0.440385, 0.864538, 0.440053, -0.59222, -1.19653 )
operation = 2
width = 0.5
height = 1.5507
depth = 1.0
material = ExtResource( 3 )

[node name="CSGBox5" type="CSGBox" parent="Top/L3/Lbox7"]
transform = Transform( 1, 2.98023e-08, 2.98023e-08, -7.45058e-09, 1, -7.45058e-09, -1.19209e-07, -7.45058e-09, 0.999999, -0.742524, 0.321259, -0.151421 )
operation = 2
width = 1.0
depth = 0.1
material = ExtResource( 3 )

[node name="CSGBox6" type="CSGBox" parent="Top/L3/Lbox7"]
transform = Transform( 1, 2.98023e-08, 2.98023e-08, -8.9407e-08, 1, -7.45058e-09, -2.38419e-07, -7.45058e-09, 0.999999, -0.48307, 0.235275, 0.634701 )
operation = 2
width = 1.0
depth = 0.1
material = ExtResource( 3 )

[node name="CSGBox7" type="CSGBox" parent="Top/L3/Lbox7"]
transform = Transform( 1, 2.98023e-08, 2.98023e-08, -1.3411e-07, 1, -7.45058e-09, -6.85453e-07, -7.45058e-09, 0.999999, -0.518924, 0.921794, -0.660702 )
operation = 2
width = 1.0
depth = 0.1
material = ExtResource( 3 )

[node name="CSGBox8" type="CSGBox" parent="Top/L3/Lbox7"]
transform = Transform( 1, 2.98023e-08, 2.98023e-08, -1.49012e-07, 1, -7.45058e-09, -8.34465e-07, -7.45058e-09, 0.999999, 0.615108, 0.265752, 0.288799 )
operation = 2
width = 1.0
depth = 0.1
material = ExtResource( 3 )

[node name="CSGBox9" type="CSGBox" parent="Top/L3/Lbox7"]
transform = Transform( 1, 2.98023e-08, 2.98023e-08, -1.49012e-07, 1, -7.45058e-09, -8.34465e-07, -7.45058e-09, 0.999999, 0.448285, 0.321038, -0.21666 )
operation = 2
width = 1.0
depth = 0.1
material = ExtResource( 3 )

[node name="Lbox6" type="CSGBox" parent="Top/L3"]
transform = Transform( 0.766044, -0.642788, 0, 0.55667, 0.663414, -0.5, 0.321394, 0.383022, 0.866025, 0.418253, -0.051055, -1.44936 )
width = 1.0
height = 1.0
depth = 0.1
material = ExtResource( 3 )

[node name="CSGBox" type="CSGBox" parent="Top/L3/Lbox6"]
transform = Transform( 0.939693, -0.34202, 6.1158e-08, 0.34202, 0.939693, -1.6803e-07, 7.10543e-15, 1.78814e-07, 1, -0.617865, 0.0840702, 0.414898 )
operation = 2
width = 0.5
height = 1.5507
depth = 1.0
material = ExtResource( 3 )

[node name="CSGBox3" type="CSGBox" parent="Top/L3/Lbox6"]
transform = Transform( 1, 1.49012e-08, 0, -4.47035e-08, 1, 0, 1.19209e-07, 2.98023e-08, 1, -0.415835, 0.325771, 0.231188 )
operation = 2
width = 0.5
height = 0.1
depth = 1.0
material = ExtResource( 3 )

[node name="CSGBox4" type="CSGBox" parent="Top/L3/Lbox6"]
transform = Transform( 1, 1.49012e-08, 0, -4.47035e-08, 1, 0, 1.19209e-07, 2.98023e-08, 1, 0.124376, -0.165199, 0.247854 )
operation = 2
width = 0.5
height = 0.1
depth = 1.0
material = ExtResource( 3 )

[node name="CSGBox5" type="CSGBox" parent="Top/L3/Lbox6"]
transform = Transform( 1, 1.49012e-08, 0, -4.47035e-08, 1, 0, 1.19209e-07, 2.98023e-08, 1, 0.314868, 0.247738, 0.19767 )
operation = 2
width = 0.5
height = 0.1
depth = 1.0
material = ExtResource( 3 )

[node name="CSGBox2" type="CSGBox" parent="Top/L3/Lbox6"]
transform = Transform( 0.866026, 0.5, 0, -0.5, 0.866025, 0, 7.45058e-09, 5.96046e-08, 1, 0.437252, -0.141794, 0.123224 )
operation = 2
width = 0.5
height = 1.5507
depth = 1.0
material = ExtResource( 3 )

[node name="L4" type="Spatial" parent="Top"]
transform = Transform( -0.509324, -0.894306, -0.14167, -1.07054, 0.439792, -0.103484, 0.185822, 0.0824644, -0.98449, -3.23217, 4.25266, 2.46664 )

[node name="Lbox1" type="CSGBox" parent="Top/L4"]
transform = Transform( 0.766044, -0.642788, 0, 0.55667, 0.663414, -0.5, 0.321394, 0.383022, 0.866025, -0.492079, -0.426417, 1.45716 )
width = 0.1
height = 0.1
material = ExtResource( 3 )

[node name="Lbox8" type="CSGBox" parent="Top/L4/Lbox1"]
transform = Transform( 1, 1.49012e-08, 0, 7.45058e-09, 1, 0, 0, 2.98023e-08, 1, 0.00129747, 0.00154877, -0.246435 )
width = 1.0
height = 0.1
depth = 1.5
material = ExtResource( 3 )

[node name="Lbox9" type="CSGBox" parent="Top/L4/Lbox1/Lbox8"]
transform = Transform( 0.939679, 0.236716, 0.246923, -0.172156, 0.951062, -0.256601, -0.29558, 0.198614, 0.934444, -0.763677, -0.106493, 0.255014 )
operation = 2
width = 1.0
height = 1.0
depth = 2.1413
material = ExtResource( 3 )

[node name="Lbox10" type="CSGBox" parent="Top/L4/Lbox1/Lbox8"]
transform = Transform( 0.919877, -0.190965, -0.342584, 0.276719, 0.934996, 0.221833, 0.277953, -0.298857, 0.912923, 0.931333, -0.230259, -0.15378 )
operation = 2
width = 1.0
height = 1.0
depth = 2.47273
material = ExtResource( 3 )

[node name="Lbox11" type="CSGBox" parent="Top/L4/Lbox1/Lbox8"]
transform = Transform( 1, -3.20375e-07, -5.96046e-08, -2.23517e-08, 1, -5.96046e-08, 1.19209e-07, 3.8743e-07, 1, 0.627828, -0.239977, -0.502367 )
operation = 2
width = 1.0
height = 1.0
depth = 0.1
material = ExtResource( 3 )

[node name="Lbox12" type="CSGBox" parent="Top/L4/Lbox1/Lbox8"]
transform = Transform( 1, -3.35276e-07, -5.96046e-08, -2.23517e-08, 1, -5.96046e-08, 1.19209e-07, 8.34465e-07, 1, 0.554173, 0.335436, 0.179131 )
operation = 2
width = 1.0
height = 1.0
depth = 0.1
material = ExtResource( 3 )

[node name="Lbox13" type="CSGBox" parent="Top/L4/Lbox1/Lbox8"]
transform = Transform( 1, -3.35276e-07, -5.96046e-08, -2.23517e-08, 1, -5.96046e-08, 1.19209e-07, 8.34465e-07, 1, -0.626702, 0.0479565, -0.275005 )
operation = 2
width = 1.0
height = 1.0
depth = 0.1
material = ExtResource( 3 )

[node name="Lbox7" type="CSGBox" parent="Top/L4"]
transform = Transform( 0.770633, -0.554019, -0.31494, 0.555827, 0.826069, -0.0930934, 0.311738, -0.103312, 0.944535, -0.183231, 0.165855, -0.336422 )
width = 1.0
height = 0.1
material = ExtResource( 3 )

[node name="CSGBox3" type="CSGBox" parent="Top/L4/Lbox7"]
transform = Transform( 0.937173, -0.348773, -0.00794068, 0.297807, 0.811665, -0.502505, 0.181705, 0.468569, 0.864538, -0.618948, -0.545877, -0.841946 )
operation = 2
width = 0.5
height = 1.5507
depth = 1.0
material = ExtResource( 3 )

[node name="CSGBox4" type="CSGBox" parent="Top/L4/Lbox7"]
transform = Transform( 0.869579, 0.493729, -0.00794083, -0.430345, 0.749861, -0.502505, -0.242147, 0.440385, 0.864538, 0.440053, -0.59222, -1.19653 )
operation = 2
width = 0.5
height = 1.5507
depth = 1.0
material = ExtResource( 3 )

[node name="CSGBox5" type="CSGBox" parent="Top/L4/Lbox7"]
transform = Transform( 1, 2.98023e-08, 2.98023e-08, -7.45058e-09, 1, -7.45058e-09, -1.19209e-07, -7.45058e-09, 0.999999, -0.742524, 0.321259, -0.151421 )
operation = 2
width = 1.0
depth = 0.1
material = ExtResource( 3 )

[node name="CSGBox6" type="CSGBox" parent="Top/L4/Lbox7"]
transform = Transform( 1, 2.98023e-08, 2.98023e-08, -8.9407e-08, 1, -7.45058e-09, -2.38419e-07, -7.45058e-09, 0.999999, -0.48307, 0.235275, 0.634701 )
operation = 2
width = 1.0
depth = 0.1
material = ExtResource( 3 )

[node name="CSGBox7" type="CSGBox" parent="Top/L4/Lbox7"]
transform = Transform( 1, 2.98023e-08, 2.98023e-08, -1.3411e-07, 1, -7.45058e-09, -6.85453e-07, -7.45058e-09, 0.999999, -0.518924, 0.921794, -0.660702 )
operation = 2
width = 1.0
depth = 0.1
material = ExtResource( 3 )

[node name="CSGBox8" type="CSGBox" parent="Top/L4/Lbox7"]
transform = Transform( 1, 2.98023e-08, 2.98023e-08, -1.49012e-07, 1, -7.45058e-09, -8.34465e-07, -7.45058e-09, 0.999999, 0.615108, 0.265752, 0.288799 )
operation = 2
width = 1.0
depth = 0.1
material = ExtResource( 3 )

[node name="CSGBox9" type="CSGBox" parent="Top/L4/Lbox7"]
transform = Transform( 1, 2.98023e-08, 2.98023e-08, -1.49012e-07, 1, -7.45058e-09, -8.34465e-07, -7.45058e-09, 0.999999, 0.448285, 0.321038, -0.21666 )
operation = 2
width = 1.0
depth = 0.1
material = ExtResource( 3 )

[node name="Lbox6" type="CSGBox" parent="Top/L4"]
transform = Transform( 0.766044, -0.642788, 0, 0.55667, 0.663414, -0.5, 0.321394, 0.383022, 0.866025, 0.418253, -0.051055, -1.44936 )
width = 1.0
height = 1.0
depth = 0.1
material = ExtResource( 3 )

[node name="CSGBox" type="CSGBox" parent="Top/L4/Lbox6"]
transform = Transform( 0.939693, -0.34202, 6.1158e-08, 0.34202, 0.939693, -1.6803e-07, 7.10543e-15, 1.78814e-07, 1, -0.617865, 0.0840702, 0.414898 )
operation = 2
width = 0.5
height = 1.5507
depth = 1.0
material = ExtResource( 3 )

[node name="CSGBox3" type="CSGBox" parent="Top/L4/Lbox6"]
transform = Transform( 1, 1.49012e-08, 0, -4.47035e-08, 1, 0, 1.19209e-07, 2.98023e-08, 1, -0.415835, 0.325771, 0.231188 )
operation = 2
width = 0.5
height = 0.1
depth = 1.0
material = ExtResource( 3 )

[node name="CSGBox4" type="CSGBox" parent="Top/L4/Lbox6"]
transform = Transform( 1, 1.49012e-08, 0, -4.47035e-08, 1, 0, 1.19209e-07, 2.98023e-08, 1, 0.124376, -0.165199, 0.247854 )
operation = 2
width = 0.5
height = 0.1
depth = 1.0
material = ExtResource( 3 )

[node name="CSGBox5" type="CSGBox" parent="Top/L4/Lbox6"]
transform = Transform( 1, 1.49012e-08, 0, -4.47035e-08, 1, 0, 1.19209e-07, 2.98023e-08, 1, 0.314868, 0.247738, 0.19767 )
operation = 2
width = 0.5
height = 0.1
depth = 1.0
material = ExtResource( 3 )

[node name="CSGBox2" type="CSGBox" parent="Top/L4/Lbox6"]
transform = Transform( 0.866026, 0.5, 0, -0.5, 0.866025, 0, 7.45058e-09, 5.96046e-08, 1, 0.437252, -0.141794, 0.123224 )
operation = 2
width = 0.5
height = 1.5507
depth = 1.0
material = ExtResource( 3 )

[node name="L5" type="Spatial" parent="Top"]
transform = Transform( -0.228883, -0.73165, 0.654453, -0.877493, 0.550685, 0.402526, -0.785887, -0.401788, -0.64005, -4.66994, 3.23421, 0.627911 )

[node name="Lbox1" type="CSGBox" parent="Top/L5"]
transform = Transform( 0.766044, -0.642788, 0, 0.55667, 0.663414, -0.5, 0.321394, 0.383022, 0.866025, -0.492079, -0.426417, 1.45716 )
width = 0.1
height = 0.1
material = ExtResource( 3 )

[node name="Lbox8" type="CSGBox" parent="Top/L5/Lbox1"]
transform = Transform( 1, 1.49012e-08, 0, 7.45058e-09, 1, 0, 0, 2.98023e-08, 1, 0.00129747, 0.00154877, -0.246435 )
width = 1.0
height = 0.1
depth = 1.5
material = ExtResource( 3 )

[node name="Lbox9" type="CSGBox" parent="Top/L5/Lbox1/Lbox8"]
transform = Transform( 0.939679, 0.236716, 0.246923, -0.172156, 0.951062, -0.256601, -0.29558, 0.198614, 0.934444, -0.763677, -0.106493, 0.255014 )
operation = 2
width = 1.0
height = 1.0
depth = 2.1413
material = ExtResource( 3 )

[node name="Lbox10" type="CSGBox" parent="Top/L5/Lbox1/Lbox8"]
transform = Transform( 0.919877, -0.190965, -0.342584, 0.276719, 0.934996, 0.221833, 0.277953, -0.298857, 0.912923, 0.931333, -0.230259, -0.15378 )
operation = 2
width = 1.0
height = 1.0
depth = 2.47273
material = ExtResource( 3 )

[node name="Lbox11" type="CSGBox" parent="Top/L5/Lbox1/Lbox8"]
transform = Transform( 1, -3.20375e-07, -5.96046e-08, -2.23517e-08, 1, -5.96046e-08, 1.19209e-07, 3.8743e-07, 1, 0.627828, -0.239977, -0.502367 )
operation = 2
width = 1.0
height = 1.0
depth = 0.1
material = ExtResource( 3 )

[node name="Lbox12" type="CSGBox" parent="Top/L5/Lbox1/Lbox8"]
transform = Transform( 1, -3.35276e-07, -5.96046e-08, -2.23517e-08, 1, -5.96046e-08, 1.19209e-07, 8.34465e-07, 1, 0.554173, 0.335436, 0.179131 )
operation = 2
width = 1.0
height = 1.0
depth = 0.1
material = ExtResource( 3 )

[node name="Lbox13" type="CSGBox" parent="Top/L5/Lbox1/Lbox8"]
transform = Transform( 1, -3.35276e-07, -5.96046e-08, -2.23517e-08, 1, -5.96046e-08, 1.19209e-07, 8.34465e-07, 1, -0.626702, 0.0479565, -0.275005 )
operation = 2
width = 1.0
height = 1.0
depth = 0.1
material = ExtResource( 3 )

[node name="Lbox7" type="CSGBox" parent="Top/L5"]
transform = Transform( 0.770633, -0.554019, -0.31494, 0.555827, 0.826069, -0.0930934, 0.311738, -0.103312, 0.944535, -0.183231, 0.165855, -0.336422 )
width = 1.0
height = 0.1
material = ExtResource( 3 )

[node name="CSGBox3" type="CSGBox" parent="Top/L5/Lbox7"]
transform = Transform( 0.937173, -0.348773, -0.00794068, 0.297807, 0.811665, -0.502505, 0.181705, 0.468569, 0.864538, -0.618948, -0.545877, -0.841946 )
operation = 2
width = 0.5
height = 1.5507
depth = 1.0
material = ExtResource( 3 )

[node name="CSGBox4" type="CSGBox" parent="Top/L5/Lbox7"]
transform = Transform( 0.869579, 0.493729, -0.00794083, -0.430345, 0.749861, -0.502505, -0.242147, 0.440385, 0.864538, 0.440053, -0.59222, -1.19653 )
operation = 2
width = 0.5
height = 1.5507
depth = 1.0
material = ExtResource( 3 )

[node name="CSGBox5" type="CSGBox" parent="Top/L5/Lbox7"]
transform = Transform( 1, 2.98023e-08, 2.98023e-08, -7.45058e-09, 1, -7.45058e-09, -1.19209e-07, -7.45058e-09, 0.999999, -0.742524, 0.321259, -0.151421 )
operation = 2
width = 1.0
depth = 0.1
material = ExtResource( 3 )

[node name="CSGBox6" type="CSGBox" parent="Top/L5/Lbox7"]
transform = Transform( 1, 2.98023e-08, 2.98023e-08, -8.9407e-08, 1, -7.45058e-09, -2.38419e-07, -7.45058e-09, 0.999999, -0.48307, 0.235275, 0.634701 )
operation = 2
width = 1.0
depth = 0.1
material = ExtResource( 3 )

[node name="CSGBox7" type="CSGBox" parent="Top/L5/Lbox7"]
transform = Transform( 1, 2.98023e-08, 2.98023e-08, -1.3411e-07, 1, -7.45058e-09, -6.85453e-07, -7.45058e-09, 0.999999, -0.518924, 0.921794, -0.660702 )
operation = 2
width = 1.0
depth = 0.1
material = ExtResource( 3 )

[node name="CSGBox8" type="CSGBox" parent="Top/L5/Lbox7"]
transform = Transform( 1, 2.98023e-08, 2.98023e-08, -1.49012e-07, 1, -7.45058e-09, -8.34465e-07, -7.45058e-09, 0.999999, 0.615108, 0.265752, 0.288799 )
operation = 2
width = 1.0
depth = 0.1
material = ExtResource( 3 )

[node name="CSGBox9" type="CSGBox" parent="Top/L5/Lbox7"]
transform = Transform( 1, 2.98023e-08, 2.98023e-08, -1.49012e-07, 1, -7.45058e-09, -8.34465e-07, -7.45058e-09, 0.999999, 0.448285, 0.321038, -0.21666 )
operation = 2
width = 1.0
depth = 0.1
material = ExtResource( 3 )

[node name="Lbox6" type="CSGBox" parent="Top/L5"]
transform = Transform( 0.766044, -0.642788, 0, 0.55667, 0.663414, -0.5, 0.321394, 0.383022, 0.866025, 0.418253, -0.051055, -1.44936 )
width = 1.0
height = 1.0
depth = 0.1
material = ExtResource( 3 )

[node name="CSGBox" type="CSGBox" parent="Top/L5/Lbox6"]
transform = Transform( 0.939693, -0.34202, 6.1158e-08, 0.34202, 0.939693, -1.6803e-07, 7.10543e-15, 1.78814e-07, 1, -0.617865, 0.0840702, 0.414898 )
operation = 2
width = 0.5
height = 1.5507
depth = 1.0
material = ExtResource( 3 )

[node name="CSGBox3" type="CSGBox" parent="Top/L5/Lbox6"]
transform = Transform( 1, 1.49012e-08, 0, -4.47035e-08, 1, 0, 1.19209e-07, 2.98023e-08, 1, -0.415835, 0.325771, 0.231188 )
operation = 2
width = 0.5
height = 0.1
depth = 1.0
material = ExtResource( 3 )

[node name="CSGBox4" type="CSGBox" parent="Top/L5/Lbox6"]
transform = Transform( 1, 1.49012e-08, 0, -4.47035e-08, 1, 0, 1.19209e-07, 2.98023e-08, 1, 0.124376, -0.165199, 0.247854 )
operation = 2
width = 0.5
height = 0.1
depth = 1.0
material = ExtResource( 3 )

[node name="CSGBox5" type="CSGBox" parent="Top/L5/Lbox6"]
transform = Transform( 1, 1.49012e-08, 0, -4.47035e-08, 1, 0, 1.19209e-07, 2.98023e-08, 1, 0.314868, 0.247738, 0.19767 )
operation = 2
width = 0.5
height = 0.1
depth = 1.0
material = ExtResource( 3 )

[node name="CSGBox2" type="CSGBox" parent="Top/L5/Lbox6"]
transform = Transform( 0.866026, 0.5, 0, -0.5, 0.866025, 0, 7.45058e-09, 5.96046e-08, 1, 0.437252, -0.141794, 0.123224 )
operation = 2
width = 0.5
height = 1.5507
depth = 1.0
material = ExtResource( 3 )

[node name="L6" type="Spatial" parent="Top"]
transform = Transform( 0.359851, -0.421459, 0.855831, -0.399681, 0.79441, 0.507916, -1.07274, -0.437361, 0.0978503, -4.56062, 3.44919, -1.20533 )

[node name="Lbox1" type="CSGBox" parent="Top/L6"]
transform = Transform( 0.766044, -0.642788, 0, 0.55667, 0.663414, -0.5, 0.321394, 0.383022, 0.866025, -0.492079, -0.426417, 1.45716 )
width = 0.1
height = 0.1
material = ExtResource( 3 )

[node name="Lbox8" type="CSGBox" parent="Top/L6/Lbox1"]
transform = Transform( 1, 1.49012e-08, 0, 7.45058e-09, 1, 0, 0, 2.98023e-08, 1, 0.00129747, 0.00154877, -0.246435 )
width = 1.0
height = 0.1
depth = 1.5
material = ExtResource( 3 )

[node name="Lbox9" type="CSGBox" parent="Top/L6/Lbox1/Lbox8"]
transform = Transform( 0.939679, 0.236716, 0.246923, -0.172156, 0.951062, -0.256601, -0.29558, 0.198614, 0.934444, -0.763677, -0.106493, 0.255014 )
operation = 2
width = 1.0
height = 1.0
depth = 2.1413
material = ExtResource( 3 )

[node name="Lbox10" type="CSGBox" parent="Top/L6/Lbox1/Lbox8"]
transform = Transform( 0.919877, -0.190965, -0.342584, 0.276719, 0.934996, 0.221833, 0.277953, -0.298857, 0.912923, 0.931333, -0.230259, -0.15378 )
operation = 2
width = 1.0
height = 1.0
depth = 2.47273
material = ExtResource( 3 )

[node name="Lbox11" type="CSGBox" parent="Top/L6/Lbox1/Lbox8"]
transform = Transform( 1, -3.20375e-07, -5.96046e-08, -2.23517e-08, 1, -5.96046e-08, 1.19209e-07, 3.8743e-07, 1, 0.627828, -0.239977, -0.502367 )
operation = 2
width = 1.0
height = 1.0
depth = 0.1
material = ExtResource( 3 )

[node name="Lbox12" type="CSGBox" parent="Top/L6/Lbox1/Lbox8"]
transform = Transform( 1, -3.35276e-07, -5.96046e-08, -2.23517e-08, 1, -5.96046e-08, 1.19209e-07, 8.34465e-07, 1, 0.554173, 0.335436, 0.179131 )
operation = 2
width = 1.0
height = 1.0
depth = 0.1
material = ExtResource( 3 )

[node name="Lbox13" type="CSGBox" parent="Top/L6/Lbox1/Lbox8"]
transform = Transform( 1, -3.35276e-07, -5.96046e-08, -2.23517e-08, 1, -5.96046e-08, 1.19209e-07, 8.34465e-07, 1, -0.626702, 0.0479565, -0.275005 )
operation = 2
width = 1.0
height = 1.0
depth = 0.1
material = ExtResource( 3 )

[node name="Lbox7" type="CSGBox" parent="Top/L6"]
transform = Transform( 0.770633, -0.554019, -0.31494, 0.555827, 0.826069, -0.0930934, 0.311738, -0.103312, 0.944535, -0.183231, 0.165855, -0.336422 )
width = 1.0
height = 0.1
material = ExtResource( 3 )

[node name="CSGBox3" type="CSGBox" parent="Top/L6/Lbox7"]
transform = Transform( 0.937173, -0.348773, -0.00794068, 0.297807, 0.811665, -0.502505, 0.181705, 0.468569, 0.864538, -0.618948, -0.545877, -0.841946 )
operation = 2
width = 0.5
height = 1.5507
depth = 1.0
material = ExtResource( 3 )

[node name="CSGBox4" type="CSGBox" parent="Top/L6/Lbox7"]
transform = Transform( 0.869579, 0.493729, -0.00794083, -0.430345, 0.749861, -0.502505, -0.242147, 0.440385, 0.864538, 0.440053, -0.59222, -1.19653 )
operation = 2
width = 0.5
height = 1.5507
depth = 1.0
material = ExtResource( 3 )

[node name="CSGBox5" type="CSGBox" parent="Top/L6/Lbox7"]
transform = Transform( 1, 2.98023e-08, 2.98023e-08, -7.45058e-09, 1, -7.45058e-09, -1.19209e-07, -7.45058e-09, 0.999999, -0.742524, 0.321259, -0.151421 )
operation = 2
width = 1.0
depth = 0.1
material = ExtResource( 3 )

[node name="CSGBox6" type="CSGBox" parent="Top/L6/Lbox7"]
transform = Transform( 1, 2.98023e-08, 2.98023e-08, -8.9407e-08, 1, -7.45058e-09, -2.38419e-07, -7.45058e-09, 0.999999, -0.48307, 0.235275, 0.634701 )
operation = 2
width = 1.0
depth = 0.1
material = ExtResource( 3 )

[node name="CSGBox7" type="CSGBox" parent="Top/L6/Lbox7"]
transform = Transform( 1, 2.98023e-08, 2.98023e-08, -1.3411e-07, 1, -7.45058e-09, -6.85453e-07, -7.45058e-09, 0.999999, -0.518924, 0.921794, -0.660702 )
operation = 2
width = 1.0
depth = 0.1
material = ExtResource( 3 )

[node name="CSGBox8" type="CSGBox" parent="Top/L6/Lbox7"]
transform = Transform( 1, 2.98023e-08, 2.98023e-08, -1.49012e-07, 1, -7.45058e-09, -8.34465e-07, -7.45058e-09, 0.999999, 0.615108, 0.265752, 0.288799 )
operation = 2
width = 1.0
depth = 0.1
material = ExtResource( 3 )

[node name="CSGBox9" type="CSGBox" parent="Top/L6/Lbox7"]
transform = Transform( 1, 2.98023e-08, 2.98023e-08, -1.49012e-07, 1, -7.45058e-09, -8.34465e-07, -7.45058e-09, 0.999999, 0.448285, 0.321038, -0.21666 )
operation = 2
width = 1.0
depth = 0.1
material = ExtResource( 3 )

[node name="Lbox6" type="CSGBox" parent="Top/L6"]
transform = Transform( 0.766044, -0.642788, 0, 0.55667, 0.663414, -0.5, 0.321394, 0.383022, 0.866025, 0.418253, -0.051055, -1.44936 )
width = 1.0
height = 1.0
depth = 0.1
material = ExtResource( 3 )

[node name="CSGBox" type="CSGBox" parent="Top/L6/Lbox6"]
transform = Transform( 0.939693, -0.34202, 6.1158e-08, 0.34202, 0.939693, -1.6803e-07, 7.10543e-15, 1.78814e-07, 1, -0.617865, 0.0840702, 0.414898 )
operation = 2
width = 0.5
height = 1.5507
depth = 1.0
material = ExtResource( 3 )

[node name="CSGBox3" type="CSGBox" parent="Top/L6/Lbox6"]
transform = Transform( 1, 1.49012e-08, 0, -4.47035e-08, 1, 0, 1.19209e-07, 2.98023e-08, 1, -0.415835, 0.325771, 0.231188 )
operation = 2
width = 0.5
height = 0.1
depth = 1.0
material = ExtResource( 3 )

[node name="CSGBox4" type="CSGBox" parent="Top/L6/Lbox6"]
transform = Transform( 1, 1.49012e-08, 0, -4.47035e-08, 1, 0, 1.19209e-07, 2.98023e-08, 1, 0.124376, -0.165199, 0.247854 )
operation = 2
width = 0.5
height = 0.1
depth = 1.0
material = ExtResource( 3 )

[node name="CSGBox5" type="CSGBox" parent="Top/L6/Lbox6"]
transform = Transform( 1, 1.49012e-08, 0, -4.47035e-08, 1, 0, 1.19209e-07, 2.98023e-08, 1, 0.314868, 0.247738, 0.19767 )
operation = 2
width = 0.5
height = 0.1
depth = 1.0
material = ExtResource( 3 )

[node name="CSGBox2" type="CSGBox" parent="Top/L6/Lbox6"]
transform = Transform( 0.866026, 0.5, 0, -0.5, 0.866025, 0, 7.45058e-09, 5.96046e-08, 1, 0.437252, -0.141794, 0.123224 )
operation = 2
width = 0.5
height = 1.5507
depth = 1.0
material = ExtResource( 3 )

[node name="L7" type="Spatial" parent="Top"]
transform = Transform( 1.01659, 0.0156111, 0.53111, -0.399681, 0.79441, 0.507916, -0.496789, -0.607181, 0.678191, -3.29117, 3.56795, -2.40421 )

[node name="Lbox1" type="CSGBox" parent="Top/L7"]
transform = Transform( 0.766044, -0.642788, 0, 0.55667, 0.663414, -0.5, 0.321394, 0.383022, 0.866025, -0.492079, -0.426417, 1.45716 )
width = 0.1
height = 0.1
material = ExtResource( 3 )

[node name="Lbox8" type="CSGBox" parent="Top/L7/Lbox1"]
transform = Transform( 1, 1.49012e-08, 0, 7.45058e-09, 1, 0, 0, 2.98023e-08, 1, 0.00129747, 0.00154877, -0.246435 )
width = 1.0
height = 0.1
depth = 1.5
material = ExtResource( 3 )

[node name="Lbox9" type="CSGBox" parent="Top/L7/Lbox1/Lbox8"]
transform = Transform( 0.939679, 0.236716, 0.246923, -0.172156, 0.951062, -0.256601, -0.29558, 0.198614, 0.934444, -0.763677, -0.106493, 0.255014 )
operation = 2
width = 1.0
height = 1.0
depth = 2.1413
material = ExtResource( 3 )

[node name="Lbox10" type="CSGBox" parent="Top/L7/Lbox1/Lbox8"]
transform = Transform( 0.919877, -0.190965, -0.342584, 0.276719, 0.934996, 0.221833, 0.277953, -0.298857, 0.912923, 0.931333, -0.230259, -0.15378 )
operation = 2
width = 1.0
height = 1.0
depth = 2.47273
material = ExtResource( 3 )

[node name="Lbox11" type="CSGBox" parent="Top/L7/Lbox1/Lbox8"]
transform = Transform( 1, -3.20375e-07, -5.96046e-08, -2.23517e-08, 1, -5.96046e-08, 1.19209e-07, 3.8743e-07, 1, 0.627828, -0.239977, -0.502367 )
operation = 2
width = 1.0
height = 1.0
depth = 0.1
material = ExtResource( 3 )

[node name="Lbox12" type="CSGBox" parent="Top/L7/Lbox1/Lbox8"]
transform = Transform( 1, -3.35276e-07, -5.96046e-08, -2.23517e-08, 1, -5.96046e-08, 1.19209e-07, 8.34465e-07, 1, 0.554173, 0.335436, 0.179131 )
operation = 2
width = 1.0
height = 1.0
depth = 0.1
material = ExtResource( 3 )

[node name="Lbox13" type="CSGBox" parent="Top/L7/Lbox1/Lbox8"]
transform = Transform( 1, -3.35276e-07, -5.96046e-08, -2.23517e-08, 1, -5.96046e-08, 1.19209e-07, 8.34465e-07, 1, -0.626702, 0.0479565, -0.275005 )
operation = 2
width = 1.0
height = 1.0
depth = 0.1
material = ExtResource( 3 )

[node name="Lbox7" type="CSGBox" parent="Top/L7"]
transform = Transform( 0.770633, -0.554019, -0.31494, 0.555827, 0.826069, -0.0930934, 0.311738, -0.103312, 0.944535, -0.183231, 0.165855, -0.336422 )
width = 1.0
height = 0.1
material = ExtResource( 3 )

[node name="CSGBox3" type="CSGBox" parent="Top/L7/Lbox7"]
transform = Transform( 0.937173, -0.348773, -0.00794068, 0.297807, 0.811665, -0.502505, 0.181705, 0.468569, 0.864538, -0.618948, -0.545877, -0.841946 )
operation = 2
width = 0.5
height = 1.5507
depth = 1.0
material = ExtResource( 3 )

[node name="CSGBox4" type="CSGBox" parent="Top/L7/Lbox7"]
transform = Transform( 0.869579, 0.493729, -0.00794083, -0.430345, 0.749861, -0.502505, -0.242147, 0.440385, 0.864538, 0.440053, -0.59222, -1.19653 )
operation = 2
width = 0.5
height = 1.5507
depth = 1.0
material = ExtResource( 3 )

[node name="CSGBox5" type="CSGBox" parent="Top/L7/Lbox7"]
transform = Transform( 1, 2.98023e-08, 2.98023e-08, -7.45058e-09, 1, -7.45058e-09, -1.19209e-07, -7.45058e-09, 0.999999, -0.742524, 0.321259, -0.151421 )
operation = 2
width = 1.0
depth = 0.1
material = ExtResource( 3 )

[node name="CSGBox6" type="CSGBox" parent="Top/L7/Lbox7"]
transform = Transform( 1, 2.98023e-08, 2.98023e-08, -8.9407e-08, 1, -7.45058e-09, -2.38419e-07, -7.45058e-09, 0.999999, -0.48307, 0.235275, 0.634701 )
operation = 2
width = 1.0
depth = 0.1
material = ExtResource( 3 )

[node name="CSGBox7" type="CSGBox" parent="Top/L7/Lbox7"]
transform = Transform( 1, 2.98023e-08, 2.98023e-08, -1.3411e-07, 1, -7.45058e-09, -6.85453e-07, -7.45058e-09, 0.999999, -0.518924, 0.921794, -0.660702 )
operation = 2
width = 1.0
depth = 0.1
material = ExtResource( 3 )

[node name="CSGBox8" type="CSGBox" parent="Top/L7/Lbox7"]
transform = Transform( 1, 2.98023e-08, 2.98023e-08, -1.49012e-07, 1, -7.45058e-09, -8.34465e-07, -7.45058e-09, 0.999999, 0.615108, 0.265752, 0.288799 )
operation = 2
width = 1.0
depth = 0.1
material = ExtResource( 3 )

[node name="CSGBox9" type="CSGBox" parent="Top/L7/Lbox7"]
transform = Transform( 1, 2.98023e-08, 2.98023e-08, -1.49012e-07, 1, -7.45058e-09, -8.34465e-07, -7.45058e-09, 0.999999, 0.448285, 0.321038, -0.21666 )
operation = 2
width = 1.0
depth = 0.1
material = ExtResource( 3 )

[node name="Lbox6" type="CSGBox" parent="Top/L7"]
transform = Transform( 0.766044, -0.642788, 0, 0.55667, 0.663414, -0.5, 0.321394, 0.383022, 0.866025, 0.418253, -0.051055, -1.44936 )
width = 1.0
height = 1.0
depth = 0.1
material = ExtResource( 3 )

[node name="CSGBox" type="CSGBox" parent="Top/L7/Lbox6"]
transform = Transform( 0.939693, -0.34202, 6.1158e-08, 0.34202, 0.939693, -1.6803e-07, 7.10543e-15, 1.78814e-07, 1, -0.617865, 0.0840702, 0.414898 )
operation = 2
width = 0.5
height = 1.5507
depth = 1.0
material = ExtResource( 3 )

[node name="CSGBox3" type="CSGBox" parent="Top/L7/Lbox6"]
transform = Transform( 1, 1.49012e-08, 0, -4.47035e-08, 1, 0, 1.19209e-07, 2.98023e-08, 1, -0.415835, 0.325771, 0.231188 )
operation = 2
width = 0.5
height = 0.1
depth = 1.0
material = ExtResource( 3 )

[node name="CSGBox4" type="CSGBox" parent="Top/L7/Lbox6"]
transform = Transform( 1, 1.49012e-08, 0, -4.47035e-08, 1, 0, 1.19209e-07, 2.98023e-08, 1, 0.124376, -0.165199, 0.247854 )
operation = 2
width = 0.5
height = 0.1
depth = 1.0
material = ExtResource( 3 )

[node name="CSGBox5" type="CSGBox" parent="Top/L7/Lbox6"]
transform = Transform( 1, 1.49012e-08, 0, -4.47035e-08, 1, 0, 1.19209e-07, 2.98023e-08, 1, 0.314868, 0.247738, 0.19767 )
operation = 2
width = 0.5
height = 0.1
depth = 1.0
material = ExtResource( 3 )

[node name="CSGBox2" type="CSGBox" parent="Top/L7/Lbox6"]
transform = Transform( 0.866026, 0.5, 0, -0.5, 0.866025, 0, 7.45058e-09, 5.96046e-08, 1, 0.437252, -0.141794, 0.123224 )
operation = 2
width = 0.5
height = 1.5507
depth = 1.0
material = ExtResource( 3 )

[node name="L8" type="Spatial" parent="Top"]
transform = Transform( 0.69717, 0.142729, 0.801309, -0.243579, 0.978805, -0.0271765, -0.945846, -0.146863, 0.597632, -3.99972, 5.02698, -2.00796 )

[node name="Lbox1" type="CSGBox" parent="Top/L8"]
transform = Transform( 0.766044, -0.642788, 0, 0.55667, 0.663414, -0.5, 0.321394, 0.383022, 0.866025, -0.492079, -0.426417, 1.45716 )
width = 0.1
height = 0.1
material = ExtResource( 3 )

[node name="Lbox8" type="CSGBox" parent="Top/L8/Lbox1"]
transform = Transform( 1, 1.49012e-08, 0, 7.45058e-09, 1, 0, 0, 2.98023e-08, 1, 0.00129747, 0.00154877, -0.246435 )
width = 1.0
height = 0.1
depth = 1.5
material = ExtResource( 3 )

[node name="Lbox9" type="CSGBox" parent="Top/L8/Lbox1/Lbox8"]
transform = Transform( 0.939679, 0.236716, 0.246923, -0.172156, 0.951062, -0.256601, -0.29558, 0.198614, 0.934444, -0.763677, -0.106493, 0.255014 )
operation = 2
width = 1.0
height = 1.0
depth = 2.1413
material = ExtResource( 3 )

[node name="Lbox10" type="CSGBox" parent="Top/L8/Lbox1/Lbox8"]
transform = Transform( 0.919877, -0.190965, -0.342584, 0.276719, 0.934996, 0.221833, 0.277953, -0.298857, 0.912923, 0.931333, -0.230259, -0.15378 )
operation = 2
width = 1.0
height = 1.0
depth = 2.47273
material = ExtResource( 3 )

[node name="Lbox11" type="CSGBox" parent="Top/L8/Lbox1/Lbox8"]
transform = Transform( 1, -3.20375e-07, -5.96046e-08, -2.23517e-08, 1, -5.96046e-08, 1.19209e-07, 3.8743e-07, 1, 0.627828, -0.239977, -0.502367 )
